Wbid,chr,start,stop,strand
WBGene00015153,V,1663,6632,+
WBGene00002061,V,6588,7822,-
WBGene00255704,V,8575,8739,-
WBGene00001177,V,20825,43697,+
WBGene00015152,V,45310,46916,+
WBGene00015151,V,48922,49619,+
WBGene00021413,V,49956,56046,-
WBGene00021412,V,59239,63509,+
WBGene00021414,V,63726,64503,-
WBGene00018976,V,64564,83831,-
WBGene00004496,V,103394,104064,-
WBGene00018975,V,104826,118188,+
WBGene00000480,V,118043,122966,-
WBGene00020999,V,124010,126758,-
WBGene00021000,V,127000,128034,-
WBGene00021004,V,128237,131754,+
WBGene00044512,V,137177,141370,-
WBGene00021003,V,138892,140225,+
WBGene00005303,V,145194,146931,+
WBGene00021002,V,147538,152104,-
WBGene00006648,V,156825,166866,+
WBGene00022435,V,163842,172210,-
WBGene00022434,V,166989,176823,+
WBGene00000838,V,177421,184966,+
WBGene00044689,V,186169,200777,+
WBGene00077643,V,201600,204279,+
WBGene00017080,V,204382,209758,+
WBGene00017082,V,210148,212787,-
WBGene00005299,V,217154,219473,+
WBGene00005301,V,219932,222776,+
WBGene00017083,V,228858,234672,-
WBGene00019814,V,236750,238192,-
WBGene00019817,V,238963,240362,-
WBGene00019818,V,241326,242618,-
WBGene00019815,V,244469,245846,-
WBGene00006419,V,246618,251756,-
WBGene00006172,V,252364,254691,-
WBGene00019816,V,254912,257992,-
WBGene00021981,V,268238,271419,+
WBGene00044513,V,271984,272937,-
WBGene00021983,V,276989,281716,-
WBGene00018010,V,297949,300005,+
WBGene00018011,V,300015,304713,-
WBGene00018013,V,305457,311565,-
WBGene00003614,V,320204,323647,+
WBGene00000022,V,323774,330725,-
WBGene00020708,V,334646,336861,-
WBGene00020707,V,343428,347623,+
WBGene00020706,V,349374,359016,+
WBGene00020705,V,359766,363705,+
WBGene00021450,V,364950,369088,+
WBGene00021449,V,370333,373800,+
WBGene00021451,V,374408,379672,-
WBGene00022643,V,381901,384688,+
WBGene00022642,V,385713,388090,+
WBGene00022641,V,388697,391598,+
WBGene00022640,V,392628,395117,+
WBGene00022639,V,396827,398756,+
WBGene00022638,V,400192,401602,+
WBGene00005284,V,401688,403128,-
WBGene00022637,V,404619,405997,+
WBGene00022644,V,411782,414760,-
WBGene00022645,V,415713,417708,-
WBGene00021448,V,419435,421839,+
WBGene00015259,V,422498,424064,+
WBGene00015258,V,424440,426560,+
WBGene00015257,V,429144,433574,+
WBGene00015255,V,434198,436726,+
WBGene00015260,V,437576,441023,-
WBGene00015254,V,438401,438674,+
WBGene00005256,V,441820,443293,-
WBGene00005257,V,444893,446674,-
WBGene00005258,V,447569,449230,-
WBGene00019744,V,449915,450438,+
WBGene00003713,V,451451,453746,+
WBGene00003688,V,454009,456772,+
WBGene00019743,V,459734,461899,+
WBGene00019742,V,462600,464963,+
WBGene00019741,V,465757,467491,+
WBGene00019745,V,467567,468560,-
WBGene00019740,V,472889,474631,+
WBGene00003689,V,474791,477150,+
WBGene00003645,V,478162,480710,+
WBGene00003720,V,480811,483355,-
WBGene00020153,V,484901,486895,+
WBGene00020152,V,486990,489104,+
WBGene00003696,V,489647,491430,+
WBGene00006233,V,491732,493641,+
WBGene00003721,V,494499,497287,+
WBGene00020151,V,497839,498943,+
WBGene00006282,V,499770,501330,-
WBGene00020154,V,502142,503223,-
WBGene00004144,V,504028,504616,+
WBGene00020014,V,505491,506068,+
WBGene00005260,V,511194,512520,-
WBGene00020015,V,517851,519601,-
WBGene00005854,V,519852,521617,-
WBGene00020016,V,521702,524218,-
WBGene00255729,V,524796,525140,-
WBGene00005855,V,527902,528869,+
WBGene00020013,V,530799,532024,+
WBGene00003648,V,532290,534064,+
WBGene00003722,V,534446,536226,+
WBGene00015759,V,536628,537418,+
WBGene00015758,V,539460,541485,+
WBGene00015757,V,543469,545359,+
WBGene00015760,V,545844,548080,-
WBGene00015762,V,551279,553167,-
WBGene00005899,V,554374,556155,-
WBGene00005898,V,560195,562956,+
WBGene00015756,V,563134,564446,+
WBGene00005585,V,564391,566084,-
WBGene00005584,V,566719,568205,-
WBGene00015764,V,572031,574739,-
WBGene00019453,V,576370,578428,+
WBGene00019452,V,579277,581372,+
WBGene00019451,V,581916,583431,+
WBGene00019450,V,585848,587250,+
WBGene00019449,V,588135,589646,+
WBGene00022758,V,590482,592463,+
WBGene00022757,V,593259,595677,+
WBGene00022756,V,600595,602482,+
WBGene00004177,V,603665,604205,-
WBGene00005856,V,606781,608944,-
WBGene00004176,V,609144,609726,-
WBGene00003680,V,610445,612513,+
WBGene00018624,V,615576,616728,+
WBGene00018615,V,619434,621679,+
WBGene00018616,V,622170,622951,-
WBGene00018617,V,623298,625022,-
WBGene00018618,V,625752,626390,-
WBGene00018619,V,627095,627650,-
WBGene00018620,V,628059,628623,-
WBGene00018621,V,634142,634893,-
WBGene00018614,V,636587,637501,+
WBGene00005621,V,638628,639928,+
WBGene00018622,V,640799,642893,-
WBGene00018623,V,643762,646199,-
WBGene00017959,V,647188,649741,+
WBGene00005593,V,651837,653040,-
WBGene00005594,V,653303,654502,-
WBGene00005451,V,654727,655923,-
WBGene00005452,V,656499,657778,-
WBGene00017963,V,658476,660310,-
WBGene00017960,V,662479,664443,-
WBGene00005472,V,664797,665923,+
WBGene00017961,V,665919,667494,-
WBGene00005687,V,667896,671442,-
WBGene00005688,V,672245,674313,-
WBGene00017962,V,674911,676754,-
WBGene00005912,V,677034,678920,+
WBGene00005913,V,679963,681465,+
WBGene00005914,V,682331,683970,+
WBGene00017957,V,684060,686289,+
WBGene00019244,V,687684,690004,+
WBGene00005895,V,690875,692770,-
WBGene00005632,V,693541,694725,-
WBGene00005631,V,695326,696014,-
WBGene00021709,V,696523,699614,-
WBGene00005896,V,700079,701669,+
WBGene00021708,V,702560,703745,+
WBGene00021707,V,707218,708453,+
WBGene00021706,V,709108,710566,+
WBGene00021710,V,710642,712921,-
WBGene00019242,V,715833,719831,-
WBGene00019243,V,722695,723827,-
WBGene00001564,V,724207,728103,-
WBGene00005228,V,728312,734279,+
WBGene00005613,V,734420,736271,-
WBGene00005612,V,736803,738870,-
WBGene00015489,V,742120,743273,+
WBGene00006182,V,743648,745475,+
WBGene00005516,V,748344,750467,+
WBGene00006288,V,751326,752779,-
WBGene00005642,V,753283,755124,+
WBGene00006087,V,756469,757892,+
WBGene00206359,V,758576,761259,-
WBGene00015491,V,761626,761978,-
WBGene00005643,V,762734,764593,+
WBGene00006266,V,765032,772585,+
WBGene00019983,V,773518,774854,+
WBGene00019982,V,774995,777272,+
WBGene00044514,V,777571,778235,+
WBGene00019981,V,778639,780223,+
WBGene00044091,V,780299,781803,+
WBGene00020060,V,782732,784763,+
WBGene00020062,V,802550,804741,-
WBGene00020058,V,810793,814726,+
WBGene00020063,V,812812,813194,-
WBGene00020057,V,815016,816873,+
WBGene00020056,V,817482,818733,+
WBGene00005923,V,819486,820729,-
WBGene00005922,V,821784,823022,-
WBGene00018313,V,826411,828761,+
WBGene00018312,V,833668,835463,+
WBGene00019561,V,835773,839099,-
WBGene00044778,V,839421,839934,+
WBGene00019562,V,840236,843667,-
WBGene00019560,V,844450,845373,+
WBGene00019559,V,846715,848858,+
WBGene00019558,V,849499,851332,+
WBGene00019557,V,852484,853126,+
WBGene00019563,V,853436,855082,-
WBGene00019556,V,856849,862061,+
WBGene00020155,V,865074,866829,-
WBGene00020156,V,869481,871129,-
WBGene00044777,V,876245,877265,+
WBGene00044776,V,877530,878667,-
WBGene00005210,V,879793,881574,+
WBGene00005622,V,882176,884424,-
WBGene00020157,V,884881,889274,-
WBGene00255731,V,889714,890523,-
WBGene00255732,V,891135,891931,+
WBGene00255733,V,892692,893537,-
WBGene00235327,V,893968,894775,+
WBGene00003550,V,894930,899187,-
WBGene00001480,V,899310,903665,-
WBGene00019241,V,904950,911214,+
WBGene00019240,V,911776,916315,+
WBGene00019239,V,917817,925945,+
WBGene00021748,V,939391,945244,-
WBGene00021750,V,946732,949860,-
WBGene00005024,V,951454,964800,-
WBGene00006770,V,982534,996207,+
WBGene00021749,V,998289,1003753,-
WBGene00019971,V,1008803,1018350,+
WBGene00019972,V,1018337,1023144,-
WBGene00019973,V,1023782,1027073,-
WBGene00019975,V,1027904,1033385,-
WBGene00015344,V,1042692,1048580,-
WBGene00019625,V,1050126,1053014,-
WBGene00006255,V,1056548,1058987,-
WBGene00019624,V,1061595,1067908,+
WBGene00006129,V,1062588,1064591,-
WBGene00019626,V,1065682,1067672,-
WBGene00019623,V,1075200,1079597,+
WBGene00021746,V,1082525,1084203,-
WBGene00021745,V,1084316,1087272,+
WBGene00021744,V,1088283,1089891,+
WBGene00021743,V,1092657,1098951,+
WBGene00021741,V,1101186,1104046,+
WBGene00021740,V,1112933,1129360,+
WBGene00021072,V,1130088,1131942,-
WBGene00000785,V,1132598,1134036,-
WBGene00021070,V,1134485,1139172,+
WBGene00020663,V,1141770,1146498,+
WBGene00000552,V,1156271,1158174,+
WBGene00020664,V,1158251,1164293,-
WBGene00004230,V,1165673,1174969,+
WBGene00020662,V,1176724,1178864,+
WBGene00017764,V,1179604,1181548,+
WBGene00021738,V,1184876,1196146,-
WBGene00021736,V,1196072,1207792,+
WBGene00195169,V,1197813,1200672,-
WBGene00021739,V,1207307,1207792,+
WBGene00021735,V,1207889,1219874,+
WBGene00235315,V,1219936,1220558,-
WBGene00016539,V,1223901,1235445,-
WBGene00016538,V,1260465,1262616,+
WBGene00004266,V,1262628,1263989,-
WBGene00016540,V,1264773,1270160,+
WBGene00022288,V,1270911,1273043,+
WBGene00022289,V,1274210,1276006,-
WBGene00004053,V,1276420,1285700,-
WBGene00001171,V,1288841,1299332,-
WBGene00017502,V,1315105,1315524,+
WBGene00044774,V,1315643,1317919,-
WBGene00022285,V,1332275,1358164,-
WBGene00022284,V,1352126,1356587,+
WBGene00004923,V,1358187,1363784,-
WBGene00022286,V,1373120,1383254,-
WBGene00022287,V,1391163,1392103,-
WBGene00004925,V,1393112,1411616,-
WBGene00020017,V,1422796,1425794,-
WBGene00001578,V,1427653,1432137,-
WBGene00019979,V,1439179,1441871,+
WBGene00044900,V,1442588,1442876,+
WBGene00000555,V,1444044,1444280,-
WBGene00000559,V,1445381,1445832,+
WBGene00000558,V,1447195,1447707,+
WBGene00000557,V,1448004,1448790,+
WBGene00000556,V,1449665,1450189,-
WBGene00005611,V,1451634,1454340,+
WBGene00019980,V,1455062,1456646,+
WBGene00019978,V,1460369,1461613,+
WBGene00019977,V,1462063,1464699,-
WBGene00004139,V,1464990,1466360,+
WBGene00018757,V,1467744,1471105,+
WBGene00006794,V,1475072,1479576,+
WBGene00016513,V,1482042,1484015,+
WBGene00016514,V,1484828,1491604,-
WBGene00045390,V,1494769,1495453,+
WBGene00016512,V,1495634,1497985,+
WBGene00005690,V,1499440,1500687,+
WBGene00005691,V,1506295,1508096,+
WBGene00016517,V,1510024,1511630,-
WBGene00006268,V,1520463,1521945,-
WBGene00006270,V,1522785,1524224,+
WBGene00006265,V,1526467,1528085,-
WBGene00019348,V,1528824,1531259,-
WBGene00019349,V,1533892,1534415,-
WBGene00019350,V,1535224,1537079,-
WBGene00018707,V,1538364,1541824,-
WBGene00018708,V,1542517,1545791,-
WBGene00018706,V,1548143,1550701,+
WBGene00018709,V,1551044,1553102,-
WBGene00000387,V,1567076,1585532,+
WBGene00017509,V,1585722,1586028,+
WBGene00017508,V,1587206,1587936,+
WBGene00017507,V,1588548,1591727,+
WBGene00017506,V,1594019,1594665,+
WBGene00017504,V,1601038,1603916,+
WBGene00017510,V,1603934,1607846,-
WBGene00017503,V,1610263,1612747,+
WBGene00017511,V,1612803,1614826,-
WBGene00017512,V,1615723,1618072,-
WBGene00003707,V,1619194,1621536,-
WBGene00003700,V,1622636,1624433,-
WBGene00021610,V,1625225,1626818,-
WBGene00021611,V,1628106,1629432,-
WBGene00021612,V,1630309,1631248,-
WBGene00021609,V,1632017,1635883,+
WBGene00006253,V,1636159,1639281,+
WBGene00006252,V,1640308,1642287,+
WBGene00021608,V,1642499,1643121,+
WBGene00000108,V,1644169,1647728,+
WBGene00019393,V,1648300,1651143,+
WBGene00019392,V,1651345,1654444,+
WBGene00019391,V,1655090,1657364,+
WBGene00019389,V,1662570,1664503,+
WBGene00019388,V,1664650,1665950,+
WBGene00019387,V,1667204,1667813,+
WBGene00019386,V,1668516,1670630,+
WBGene00005845,V,1676474,1678328,-
WBGene00005838,V,1679208,1680870,-
WBGene00005229,V,1682579,1685089,+
WBGene00005231,V,1685628,1686864,+
WBGene00021605,V,1691029,1692052,-
WBGene00021607,V,1692026,1694042,-
WBGene00005837,V,1702051,1704053,+
WBGene00005846,V,1708741,1710663,+
WBGene00005847,V,1711209,1715399,+
WBGene00005850,V,1717243,1719464,+
WBGene00005849,V,1720227,1721973,+
WBGene00005848,V,1722266,1725261,+
WBGene00005539,V,1725653,1727632,+
WBGene00001769,V,1730759,1732000,-
WBGene00006205,V,1734869,1736767,+
WBGene00022807,V,1738927,1741157,-
WBGene00022805,V,1743771,1747969,+
WBGene00022808,V,1748432,1749153,-
WBGene00005410,V,1750001,1751549,-
WBGene00022804,V,1752796,1753856,+
WBGene00022809,V,1754238,1755689,-
WBGene00021603,V,1757186,1760299,+
WBGene00021602,V,1760861,1765305,+
WBGene00000976,V,1765311,1771734,-
WBGene00018115,V,1773826,1774918,-
WBGene00018112,V,1778325,1779196,-
WBGene00018113,V,1779657,1782022,-
WBGene00018111,V,1788511,1793250,+
WBGene00018110,V,1794518,1797451,+
WBGene00268194,V,1798200,1799694,+
WBGene00018114,V,1799726,1803143,-
WBGene00002016,V,1804334,1804971,-
WBGene00002018,V,1805178,1805875,+
WBGene00021599,V,1807450,1809468,+
WBGene00021600,V,1809560,1811135,-
WBGene00021601,V,1811423,1814116,-
WBGene00001632,V,1815852,1821323,-
WBGene00044344,V,1821579,1823096,+
WBGene00021309,V,1823077,1830073,-
WBGene00020394,V,1842044,1844807,+
WBGene00020393,V,1846201,1848015,+
WBGene00020396,V,1852449,1856276,-
WBGene00020389,V,1864181,1868571,-
WBGene00020392,V,1869213,1870558,+
WBGene00020390,V,1870421,1871789,-
WBGene00020391,V,1872246,1875526,+
WBGene00021305,V,1875478,1882265,-
WBGene00021304,V,1895797,1906560,+
WBGene00021303,V,1907654,1908528,+
WBGene00005644,V,1908855,1910692,+
WBGene00021302,V,1911402,1913572,+
WBGene00021301,V,1918539,1921029,+
WBGene00044516,V,1919322,1920205,-
WBGene00001785,V,1921621,1922381,+
WBGene00020277,V,1923116,1925565,-
WBGene00020280,V,1927223,1931413,+
WBGene00020279,V,1944955,1953349,+
WBGene00005604,V,1953912,1956560,-
WBGene00044518,V,1957417,1957932,+
WBGene00021494,V,1960137,1961403,-
WBGene00005603,V,1962815,1964906,-
WBGene00020343,V,1969528,1974514,+
WBGene00020342,V,1975418,1977261,+
WBGene00020341,V,1979435,1982664,+
WBGene00020340,V,1982631,1987045,-
WBGene00006589,V,1989476,1992918,-
WBGene00000111,V,1996100,1999581,-
WBGene00019089,V,2000418,2004329,-
WBGene00019096,V,2005057,2006804,+
WBGene00019094,V,2012206,2013333,+
WBGene00044519,V,2013418,2013860,-
WBGene00019090,V,2015836,2016541,-
WBGene00268196,V,2019070,2022464,+
WBGene00019092,V,2022674,2024710,+
WBGene00019091,V,2024703,2027887,-
WBGene00044520,V,2030177,2030407,+
WBGene00001857,V,2030619,2031475,-
WBGene00021488,V,2033792,2035645,-
WBGene00021490,V,2043352,2046253,-
WBGene00021491,V,2049223,2050172,-
WBGene00268197,V,2050915,2051607,-
WBGene00021492,V,2052231,2053600,-
WBGene00021487,V,2057537,2061129,+
WBGene00003676,V,2061111,2066844,-
WBGene00021486,V,2068449,2069143,+
WBGene00021493,V,2069207,2072896,-
WBGene00018094,V,2086279,2089819,+
WBGene00018099,V,2090669,2091735,+
WBGene00018093,V,2091753,2095282,-
WBGene00018096,V,2096072,2097257,+
WBGene00018097,V,2097953,2099153,+
WBGene00018098,V,2099349,2100051,+
WBGene00018092,V,2100062,2103218,-
WBGene00017722,V,2103658,2106076,-
WBGene00000514,V,2106398,2109418,-
WBGene00017721,V,2110704,2114488,+
WBGene00017723,V,2115490,2118644,-
WBGene00235326,V,2119829,2120215,+
WBGene00194908,V,2120856,2121959,-
WBGene00017720,V,2122866,2127299,+
WBGene00017719,V,2127535,2130100,+
WBGene00017724,V,2131476,2140042,-
WBGene00268198,V,2144020,2144508,-
WBGene00006117,V,2145485,2146144,-
WBGene00016693,V,2147095,2148626,+
WBGene00268199,V,2148657,2149532,-
WBGene00016694,V,2150091,2150976,-
WBGene00016692,V,2151762,2153010,+
WBGene00016691,V,2153574,2155112,+
WBGene00016689,V,2155532,2156635,+
WBGene00016690,V,2157130,2158274,+
WBGene00016695,V,2158674,2159427,-
WBGene00006281,V,2161500,2163835,-
WBGene00016696,V,2164826,2166779,-
WBGene00044087,V,2175542,2177503,+
WBGene00016687,V,2177714,2179116,+
WBGene00016686,V,2179586,2181759,+
WBGene00016685,V,2182038,2183191,+
WBGene00016697,V,2183521,2186535,+
WBGene00021165,V,2188280,2189062,+
WBGene00021166,V,2189586,2191222,-
WBGene00003612,V,2192477,2196823,+
WBGene00021167,V,2198059,2201415,-
WBGene00021168,V,2201581,2204397,-
WBGene00021169,V,2205030,2206281,-
WBGene00021164,V,2207180,2210209,+
WBGene00003723,V,2210516,2212114,-
WBGene00018415,V,2212899,2214460,-
WBGene00018414,V,2215724,2218091,+
WBGene00003646,V,2219004,2221305,+
WBGene00003718,V,2221948,2225296,+
WBGene00003693,V,2225430,2227042,+
WBGene00003617,V,2227203,2228981,+
WBGene00003716,V,2229081,2230984,+
WBGene00003724,V,2231124,2233381,+
WBGene00003686,V,2233482,2235138,+
WBGene00018413,V,2236162,2237937,+
WBGene00018262,V,2242778,2244871,+
WBGene00018261,V,2245015,2247015,+
WBGene00018264,V,2247472,2249335,-
WBGene00018260,V,2250545,2252553,+
WBGene00006279,V,2252804,2254603,-
WBGene00023284,V,2255533,2256658,+
WBGene00018265,V,2257420,2259913,-
WBGene00202502,V,2261019,2261847,+
WBGene00018266,V,2262489,2264634,-
WBGene00021163,V,2264909,2267058,-
WBGene00021162,V,2271175,2271861,-
WBGene00044521,V,2272441,2274353,-
WBGene00000027,V,2274842,2275977,+
WBGene00003649,V,2276018,2278246,-
WBGene00020853,V,2278826,2281387,+
WBGene00020852,V,2281828,2284963,+
WBGene00020851,V,2285279,2287520,+
WBGene00020849,V,2288328,2290468,-
WBGene00003705,V,2288487,2294798,+
WBGene00020850,V,2294822,2296967,+
WBGene00235117,V,2298945,2301005,-
WBGene00021232,V,2301743,2303868,-
WBGene00021235,V,2318525,2321052,-
WBGene00021236,V,2322038,2322566,-
WBGene00017500,V,2323014,2323524,+
WBGene00017501,V,2324510,2326827,-
WBGene00017498,V,2326678,2327262,+
WBGene00017490,V,2329444,2329954,-
WBGene00017499,V,2330429,2330930,+
WBGene00017497,V,2331916,2336196,+
WBGene00017491,V,2334489,2336251,-
WBGene00017492,V,2336678,2338638,-
WBGene00017493,V,2339567,2341408,-
WBGene00021222,V,2348215,2350325,-
WBGene00021224,V,2351676,2352932,+
WBGene00021223,V,2353359,2356582,-
WBGene00021221,V,2358801,2360543,+
WBGene00021226,V,2368944,2373385,-
WBGene00021227,V,2375043,2379505,-
WBGene00021220,V,2382233,2384422,+
WBGene00021219,V,2385956,2390722,+
WBGene00044734,V,2392772,2394147,+
WBGene00044099,V,2394485,2396635,+
WBGene00021217,V,2401357,2404989,+
WBGene00021228,V,2406107,2407314,-
WBGene00021216,V,2409251,2413492,+
WBGene00044735,V,2414154,2416011,+
WBGene00005137,V,2419081,2421583,+
WBGene00015731,V,2421867,2422895,+
WBGene00005148,V,2423287,2426206,-
WBGene00006170,V,2426479,2428124,-
WBGene00006171,V,2431805,2434725,+
WBGene00015730,V,2435725,2437784,+
WBGene00018913,V,2437960,2439871,+
WBGene00018912,V,2447895,2449136,+
WBGene00018915,V,2449518,2452460,-
WBGene00018911,V,2453414,2456147,+
WBGene00018917,V,2456176,2458286,-
WBGene00018910,V,2459637,2460893,+
WBGene00018918,V,2461320,2464579,-
WBGene00003521,V,2466762,2468504,+
WBGene00018920,V,2476905,2481346,-
WBGene00015273,V,2483004,2494791,-
WBGene00015272,V,2490512,2492701,+
WBGene00015271,V,2494235,2499001,+
WBGene00015270,V,2501051,2502426,+
WBGene00005138,V,2502764,2504914,+
WBGene00006284,V,2509636,2513268,+
WBGene00006136,V,2514386,2515593,-
WBGene00006283,V,2517530,2521771,+
WBGene00021571,V,2522433,2524290,+
WBGene00021570,V,2527360,2529862,+
WBGene00044131,V,2530146,2531174,+
WBGene00021572,V,2531566,2534485,-
WBGene00021573,V,2534758,2536409,-
WBGene00021569,V,2540084,2543004,+
WBGene00021568,V,2544004,2546063,+
WBGene00021567,V,2546200,2548150,+
WBGene00021566,V,2556174,2557415,+
WBGene00006200,V,2557797,2560739,-
WBGene00001758,V,2561690,2564701,+
WBGene00021565,V,2565683,2568878,+
WBGene00005607,V,2568876,2570743,-
WBGene00005608,V,2571527,2573208,-
WBGene00016233,V,2574181,2575410,+
WBGene00016232,V,2577903,2579816,+
WBGene00016231,V,2580872,2582939,+
WBGene00016234,V,2582867,2585908,-
WBGene00018760,V,2592487,2595062,+
WBGene00018761,V,2596020,2598930,-
WBGene00018762,V,2602153,2603063,-
WBGene00000056,V,2608656,2615247,+
WBGene00018758,V,2615790,2618554,+
WBGene00005477,V,2618999,2620714,-
WBGene00020961,V,2622052,2625460,-
WBGene00206511,V,2626166,2630091,-
WBGene00194896,V,2631754,2638476,-
WBGene00020957,V,2638843,2646620,+
WBGene00020962,V,2647037,2652712,-
WBGene00020955,V,2653079,2662655,+
WBGene00003579,V,2662964,2665003,-
WBGene00020954,V,2666866,2670234,+
WBGene00020952,V,2671464,2688500,+
WBGene00020953,V,2672986,2674026,+
WBGene00021564,V,2688461,2694430,-
WBGene00021563,V,2694768,2698864,+
WBGene00021562,V,2698972,2707024,+
WBGene00016048,V,2706781,2711599,-
WBGene00016049,V,2712034,2713632,-
WBGene00016047,V,2715274,2717000,+
WBGene00016050,V,2717395,2719135,-
WBGene00016051,V,2719696,2720863,-
WBGene00005217,V,2721290,2722655,-
WBGene00005216,V,2722903,2725325,-
WBGene00006081,V,2725902,2727201,-
WBGene00006099,V,2728536,2730243,+
WBGene00016052,V,2730594,2731098,-
WBGene00005214,V,2732177,2734460,-
WBGene00005213,V,2735531,2738274,-
WBGene00005218,V,2739163,2740280,-
WBGene00005219,V,2740444,2744326,-
WBGene00005915,V,2748152,2750106,-
WBGene00005917,V,2751256,2753107,-
WBGene00005919,V,2755701,2757276,-
WBGene00005215,V,2758174,2759556,-
WBGene00019885,V,2761825,2763208,-
WBGene00000977,V,2763981,2765274,-
WBGene00019886,V,2766271,2767503,-
WBGene00000978,V,2768419,2769854,-
WBGene00005279,V,2771860,2773519,+
WBGene00005606,V,2774342,2776258,+
WBGene00019887,V,2779384,2780845,-
WBGene00004130,V,2781943,2807934,-
WBGene00018824,V,2796298,2797010,+
WBGene00018823,V,2810398,2812017,+
WBGene00268206,V,2812531,2813948,-
WBGene00018825,V,2814252,2816056,-
WBGene00018826,V,2816883,2818217,-
WBGene00005259,V,2819581,2821668,-
WBGene00020183,V,2823806,2826831,-
WBGene00005749,V,2830878,2832554,+
WBGene00005629,V,2832966,2834921,+
WBGene00005627,V,2835411,2836601,-
WBGene00005626,V,2844563,2845871,-
WBGene00005628,V,2846250,2848340,-
WBGene00020182,V,2849343,2852031,+
WBGene00005635,V,2854393,2855573,-
WBGene00005634,V,2856082,2857942,-
WBGene00005633,V,2858660,2859838,-
WBGene00005476,V,2860130,2861605,-
WBGene00005478,V,2863333,2865001,+
WBGene00005447,V,2865199,2867284,+
WBGene00005448,V,2867792,2869603,-
WBGene00005449,V,2870427,2872106,+
WBGene00018138,V,2872465,2875600,-
WBGene00018140,V,2875734,2877609,-
WBGene00006104,V,2877804,2879901,-
WBGene00002055,V,2881393,2883753,+
WBGene00018139,V,2884711,2886425,+
WBGene00005751,V,2887191,2888781,-
WBGene00235329,V,2892227,2892624,+
WBGene00005344,V,2893276,2895584,+
WBGene00016281,V,2896637,2898434,+
WBGene00006111,V,2898436,2899967,-
WBGene00016282,V,2900448,2903355,-
WBGene00016283,V,2905767,2909698,-
WBGene00016284,V,2911082,2913001,-
WBGene00005362,V,2914248,2916172,+
WBGene00005261,V,2920600,2922694,-
WBGene00016285,V,2925193,2927722,-
WBGene00044602,V,2930053,2931170,+
WBGene00016279,V,2931552,2932988,+
WBGene00005453,V,2933143,2934175,-
WBGene00005888,V,2937311,2938597,-
WBGene00005890,V,2939603,2941505,-
WBGene00005884,V,2942571,2943959,-
WBGene00005308,V,2944379,2945682,-
WBGene00005869,V,2950712,2952202,-
WBGene00005454,V,2954404,2955442,-
WBGene00005889,V,2957016,2958302,-
WBGene00005891,V,2959189,2960994,-
WBGene00005885,V,2961632,2963060,-
WBGene00005309,V,2963566,2964886,-
WBGene00005876,V,2971949,2973485,+
WBGene00005870,V,2974029,2975385,-
WBGene00005871,V,2976587,2977886,+
WBGene00005865,V,2978760,2980078,-
WBGene00005864,V,2982152,2983451,-
WBGene00005886,V,2984077,2985409,-
WBGene00005306,V,2986192,2987507,-
WBGene00005868,V,2990313,2991585,-
WBGene00005862,V,2992622,2993916,-
WBGene00005867,V,2994899,2996205,-
WBGene00005866,V,2998542,2999836,-
WBGene00005859,V,3004141,3006064,-
WBGene00005883,V,3008907,3010568,-
WBGene00005882,V,3010927,3011671,-
WBGene00019675,V,3014485,3016034,+
WBGene00077758,V,3018361,3021406,-
WBGene00019105,V,3024520,3027931,+
WBGene00019104,V,3028294,3029583,+
WBGene00019106,V,3029655,3032443,-
WBGene00005755,V,3032578,3034336,-
WBGene00019108,V,3037812,3039382,-
WBGene00019103,V,3045144,3052149,+
WBGene00016855,V,3054553,3055667,+
WBGene00006271,V,3057699,3059096,-
WBGene00016856,V,3059640,3062178,-
WBGene00016857,V,3063160,3064518,-
WBGene00005400,V,3066228,3067497,+
WBGene00006105,V,3068135,3069201,-
WBGene00016858,V,3069898,3071648,-
WBGene00016853,V,3078072,3079300,+
WBGene00016859,V,3079449,3080892,-
WBGene00016852,V,3081771,3083027,+
WBGene00016850,V,3086560,3087986,+
WBGene00016849,V,3089074,3091351,+
WBGene00016860,V,3091815,3094501,-
WBGene00022263,V,3100012,3102149,-
WBGene00006128,V,3103128,3104234,-
WBGene00006131,V,3104790,3105910,-
WBGene00006130,V,3106228,3107550,-
WBGene00022264,V,3107792,3109664,-
WBGene00022265,V,3110089,3113851,-
WBGene00022262,V,3115303,3118128,+
WBGene00022261,V,3118377,3120323,+
WBGene00022266,V,3120282,3121843,-
WBGene00044524,V,3125212,3125469,+
WBGene00022267,V,3125566,3127770,-
WBGene00017174,V,3129125,3133406,+
WBGene00017173,V,3133705,3137382,+
WBGene00017175,V,3137431,3138588,-
WBGene00017172,V,3138703,3139090,+
WBGene00016475,V,3139931,3141290,-
WBGene00016476,V,3143094,3144597,-
WBGene00016477,V,3145203,3147032,-
WBGene00016479,V,3150488,3151962,-
WBGene00016480,V,3153485,3155172,-
WBGene00016474,V,3157077,3157870,+
WBGene00016481,V,3158406,3159165,-
WBGene00016483,V,3164675,3165515,-
WBGene00016473,V,3166560,3167268,+
WBGene00016484,V,3167968,3168750,-
WBGene00016472,V,3170138,3171408,+
WBGene00016471,V,3176461,3177978,+
WBGene00002246,V,3188350,3189841,+
WBGene00022260,V,3191302,3193233,-
WBGene00022259,V,3193394,3195002,-
WBGene00235321,V,3193558,3193951,+
WBGene00022258,V,3195408,3196882,-
WBGene00044525,V,3197268,3198333,+
WBGene00019525,V,3198548,3200616,-
WBGene00000168,V,3210189,3223218,+
WBGene00019524,V,3227796,3230128,+
WBGene00269352,V,3230897,3230974,+
WBGene00019527,V,3231398,3234987,-
WBGene00235094,V,3236444,3236726,-
WBGene00006084,V,3236874,3240436,+
WBGene00005599,V,3241424,3242636,+
WBGene00001771,V,3243287,3244495,+
WBGene00005595,V,3245003,3246722,+
WBGene00005596,V,3247815,3249140,+
WBGene00020875,V,3249743,3250205,-
WBGene00020877,V,3254602,3256151,-
WBGene00044526,V,3257577,3258289,+
WBGene00020878,V,3258372,3259218,-
WBGene00020874,V,3260375,3262082,+
WBGene00020879,V,3263482,3266289,-
WBGene00020880,V,3266828,3268050,-
WBGene00020881,V,3268809,3269510,-
WBGene00020882,V,3271395,3273256,-
WBGene00020871,V,3274054,3274374,+
WBGene00020870,V,3275333,3276110,+
WBGene00020883,V,3276956,3278147,-
WBGene00020869,V,3280379,3281169,+
WBGene00269355,V,3281828,3282704,+
WBGene00006127,V,3283257,3284930,+
WBGene00018055,V,3284929,3285792,+
WBGene00018057,V,3286432,3287460,-
WBGene00018056,V,3287995,3289385,-
WBGene00018054,V,3289635,3293435,+
WBGene00269374,V,3293031,3293434,+
WBGene00269375,V,3294406,3295123,+
WBGene00006013,V,3296108,3297864,-
WBGene00018058,V,3298885,3301998,-
WBGene00018053,V,3308469,3309689,+
WBGene00018060,V,3310123,3312117,-
WBGene00018061,V,3313286,3315516,-
WBGene00018052,V,3316307,3317851,+
WBGene00018062,V,3318174,3319062,-
WBGene00018063,V,3319466,3320105,-
WBGene00194898,V,3320343,3320532,-
WBGene00015882,V,3320720,3324279,-
WBGene00015883,V,3330915,3332113,-
WBGene00015879,V,3333635,3339070,+
WBGene00015878,V,3339348,3340092,+
WBGene00015884,V,3340179,3342006,-
WBGene00015877,V,3342804,3343865,+
WBGene00015885,V,3345307,3346484,-
WBGene00268213,V,3350177,3350967,+
WBGene00006126,V,3351566,3352773,+
WBGene00015886,V,3353263,3353921,+
WBGene00015437,V,3355848,3357193,-
WBGene00015435,V,3358567,3361093,+
WBGene00015434,V,3362775,3368340,+
WBGene00015433,V,3369081,3369920,+
WBGene00006012,V,3370942,3372773,-
WBGene00015438,V,3374362,3377073,-
WBGene00020620,V,3393478,3394688,-
WBGene00020618,V,3397065,3397800,+
WBGene00020617,V,3398690,3399640,+
WBGene00020616,V,3400252,3401063,+
WBGene00020613,V,3408912,3409519,+
WBGene00020612,V,3410520,3412858,+
WBGene00020611,V,3413344,3417770,+
WBGene00020609,V,3418263,3422733,+
WBGene00020623,V,3422949,3424441,-
WBGene00020608,V,3426376,3427733,+
WBGene00020607,V,3428999,3430408,+
WBGene00020624,V,3430669,3431446,-
WBGene00005597,V,3432259,3433658,+
WBGene00000478,V,3441504,3444877,-
WBGene00017868,V,3459740,3463071,+
WBGene00017867,V,3463814,3466150,+
WBGene00001781,V,3467453,3468545,-
WBGene00015315,V,3469445,3470882,-
WBGene00044088,V,3471870,3475121,-
WBGene00044089,V,3476405,3477596,-
WBGene00015316,V,3478031,3480446,-
WBGene00003096,V,3481421,3482600,-
WBGene00044090,V,3483091,3484781,-
WBGene00015317,V,3485549,3486957,-
WBGene00015318,V,3489228,3490535,-
WBGene00269378,V,3493637,3496943,-
WBGene00015576,V,3498122,3501763,-
WBGene00015578,V,3502307,3503077,+
WBGene00015577,V,3503130,3506352,-
WBGene00006256,V,3507822,3509251,+
WBGene00006259,V,3510178,3512038,+
WBGene00006257,V,3512681,3514343,+
WBGene00006258,V,3518189,3519801,+
WBGene00015574,V,3523587,3524575,+
WBGene00020747,V,3525274,3526178,+
WBGene00006286,V,3527182,3530413,+
WBGene00020746,V,3530703,3532380,+
WBGene00020748,V,3533003,3535235,-
WBGene00003683,V,3536196,3538407,-
WBGene00020749,V,3538929,3540329,-
WBGene00020750,V,3541586,3543444,-
WBGene00020752,V,3545677,3546617,-
WBGene00005877,V,3546969,3549685,-
WBGene00005533,V,3549853,3551269,+
WBGene00001737,V,3551346,3551865,-
WBGene00020756,V,3553134,3554568,+
WBGene00001738,V,3554611,3555236,-
WBGene00001739,V,3556286,3556804,+
WBGene00020755,V,3557206,3557778,-
WBGene00020744,V,3559075,3559695,+
WBGene00020753,V,3561460,3562919,-
WBGene00020754,V,3564240,3564435,-
WBGene00018229,V,3571196,3571391,+
WBGene00018228,V,3572713,3574157,+
WBGene00001736,V,3575055,3575874,-
WBGene00020696,V,3579023,3585042,+
WBGene00004422,V,3585313,3586064,-
WBGene00020695,V,3586639,3589015,+
WBGene00044705,V,3589029,3592199,-
WBGene00005423,V,3592768,3594973,-
WBGene00005422,V,3595191,3597152,-
WBGene00020697,V,3597753,3601021,-
WBGene00020698,V,3602052,3605425,-
WBGene00020699,V,3606818,3610927,-
WBGene00020700,V,3612173,3614551,-
WBGene00005984,V,3619459,3620708,-
WBGene00019098,V,3625022,3627044,-
WBGene00019099,V,3629473,3631691,-
WBGene00019097,V,3633341,3634683,+
WBGene00005932,V,3634688,3637173,-
WBGene00019100,V,3641858,3644243,-
WBGene00019101,V,3644745,3647954,-
WBGene00006165,V,3649773,3651457,+
WBGene00000062,V,3651686,3659499,-
WBGene00006164,V,3664871,3666987,-
WBGene00044527,V,3668728,3670631,+
WBGene00194902,V,3670841,3672012,+
WBGene00021081,V,3673380,3676632,+
WBGene00021080,V,3682853,3686474,+
WBGene00021079,V,3684664,3685830,-
WBGene00021078,V,3687110,3701864,+
WBGene00003025,V,3704988,3712796,+
WBGene00020854,V,3712779,3715969,-
WBGene00006096,V,3725072,3726775,+
WBGene00020855,V,3727482,3739398,-
WBGene00003479,V,3743576,3749401,+
WBGene00021482,V,3749494,3757074,-
WBGene00000498,V,3757047,3759469,-
WBGene00021479,V,3761139,3766306,+
WBGene00021478,V,3767204,3767734,+
WBGene00019964,V,3768570,3769776,+
WBGene00019961,V,3769801,3771518,-
WBGene00019963,V,3772021,3775546,+
WBGene00019962,V,3774533,3776136,-
WBGene00019965,V,3777553,3784213,-
WBGene00019970,V,3790133,3793766,+
WBGene00019966,V,3798605,3800478,-
WBGene00019967,V,3800782,3803531,-
WBGene00019968,V,3803845,3805531,-
WBGene00005754,V,3806261,3807752,+
WBGene00005753,V,3808636,3810708,+
WBGene00019179,V,3810786,3811634,-
WBGene00019178,V,3812596,3813363,+
WBGene00019180,V,3813737,3831659,-
WBGene00019177,V,3815226,3816543,+
WBGene00018543,V,3841859,3844007,-
WBGene00018539,V,3844645,3847151,-
WBGene00018541,V,3852286,3854947,-
WBGene00018544,V,3856329,3857861,-
WBGene00018545,V,3858461,3860243,-
WBGene00018542,V,3861089,3862933,-
WBGene00015900,V,3866556,3869005,-
WBGene00015901,V,3871174,3873216,-
WBGene00015902,V,3875245,3878382,-
WBGene00003714,V,3880798,3886204,-
WBGene00015906,V,3887750,3889286,-
WBGene00015903,V,3889287,3890861,-
WBGene00015905,V,3890968,3892026,-
WBGene00015899,V,3892856,3894573,+
WBGene00015898,V,3894961,3898208,+
WBGene00015904,V,3898800,3900202,-
WBGene00006260,V,3900497,3902558,-
WBGene00005404,V,3903107,3904545,+
WBGene00015897,V,3906141,3908435,+
WBGene00005959,V,3912772,3914597,+
WBGene00005958,V,3916839,3918446,+
WBGene00005957,V,3919589,3920825,+
WBGene00005956,V,3921935,3922964,+
WBGene00005955,V,3929399,3930678,+
WBGene00005954,V,3931626,3933394,+
WBGene00019473,V,3936326,3938496,+
WBGene00019472,V,3939032,3941235,+
WBGene00019471,V,3942215,3944457,+
WBGene00019470,V,3945353,3947044,+
WBGene00020386,V,3950027,3952097,+
WBGene00006274,V,3954039,3955460,+
WBGene00015040,V,3955766,3957715,-
WBGene00015041,V,3958160,3961358,-
WBGene00015042,V,3961760,3963815,-
WBGene00015043,V,3964779,3967880,-
WBGene00015044,V,3968134,3970514,-
WBGene00015045,V,3970712,3973001,-
WBGene00006141,V,3974661,3976264,+
WBGene00006142,V,3977264,3978811,+
WBGene00015046,V,3978836,3979134,-
WBGene00003769,V,3980055,3980622,+
WBGene00003768,V,3981980,3982741,+
WBGene00003767,V,3984413,3984847,+
WBGene00003766,V,3987900,3988312,+
WBGene00003765,V,3989377,3989770,+
WBGene00019567,V,3992655,3994180,-
WBGene00005953,V,3994780,3995938,-
WBGene00005234,V,4005567,4007517,+
WBGene00005233,V,4008227,4009818,+
WBGene00005230,V,4010470,4011966,+
WBGene00005836,V,4017080,4019026,+
WBGene00019566,V,4019488,4020601,+
WBGene00269424,V,4020728,4021876,-
WBGene00019565,V,4022609,4024475,+
WBGene00019564,V,4025091,4026212,+
WBGene00016786,V,4031619,4033446,+
WBGene00016785,V,4034476,4035957,+
WBGene00269425,V,4036111,4038054,+
WBGene00077593,V,4038821,4039934,+
WBGene00016788,V,4040409,4042004,-
WBGene00016783,V,4042404,4043599,+
WBGene00016782,V,4043916,4044951,+
WBGene00016781,V,4046405,4047433,+
WBGene00005385,V,4047841,4049354,+
WBGene00016789,V,4054191,4055109,-
WBGene00017034,V,4073755,4077548,+
WBGene00005421,V,4078061,4079813,-
WBGene00018190,V,4081228,4083052,-
WBGene00018189,V,4095040,4100541,+
WBGene00005624,V,4101867,4103893,+
WBGene00005623,V,4104598,4106244,+
WBGene00194894,V,4108662,4109973,-
WBGene00005881,V,4110634,4112616,-
WBGene00005880,V,4113335,4114727,-
WBGene00020239,V,4115192,4116149,-
WBGene00020240,V,4117585,4118432,-
WBGene00020241,V,4119890,4120729,-
WBGene00020242,V,4121489,4122517,-
WBGene00020243,V,4123329,4124862,-
WBGene00020244,V,4126319,4127535,-
WBGene00020237,V,4129904,4130909,+
WBGene00003647,V,4131925,4134981,+
WBGene00020236,V,4134968,4138825,+
WBGene00044528,V,4139008,4143120,+
WBGene00021554,V,4144505,4147571,+
WBGene00021558,V,4147550,4152296,-
WBGene00021557,V,4160383,4160889,+
WBGene00043666,V,4163222,4163611,+
WBGene00021556,V,4164554,4166825,+
WBGene00021559,V,4166796,4169837,-
WBGene00021560,V,4170120,4175640,-
WBGene00021555,V,4175882,4181357,+
WBGene00021561,V,4181332,4191515,-
WBGene00003704,V,4187185,4190008,+
WBGene00019276,V,4195577,4199399,+
WBGene00019275,V,4199485,4203696,+
WBGene00019274,V,4204721,4209303,+
WBGene00269429,V,4216147,4216461,+
WBGene00003747,V,4219643,4222197,+
WBGene00003751,V,4236418,4238056,+
WBGene00005415,V,4239150,4240392,-
WBGene00017107,V,4240952,4242531,-
WBGene00022528,V,4247969,4250147,-
WBGene00022529,V,4253502,4256574,-
WBGene00018554,V,4257957,4260190,-
WBGene00018555,V,4261485,4264616,-
WBGene00018556,V,4266375,4268313,-
WBGene00018557,V,4269486,4271358,-
WBGene00018558,V,4276034,4278691,-
WBGene00018559,V,4279848,4281799,-
WBGene00018552,V,4285037,4287203,+
WBGene00005406,V,4288412,4290193,-
WBGene00005407,V,4291836,4293525,-
WBGene00206392,V,4294156,4296020,-
WBGene00269432,V,4296721,4298089,-
WBGene00022522,V,4298559,4299841,-
WBGene00005405,V,4311993,4315157,-
WBGene00022527,V,4317920,4320001,-
WBGene00235310,V,4320460,4322218,-
WBGene00003715,V,4322121,4325515,-
WBGene00017060,V,4327121,4328736,+
WBGene00017061,V,4329039,4332550,-
WBGene00044529,V,4336762,4338925,+
WBGene00017062,V,4338854,4341308,-
WBGene00017981,V,4341443,4346050,-
WBGene00017982,V,4346089,4346425,-
WBGene00003159,V,4347166,4349768,+
WBGene00017983,V,4349774,4361552,-
WBGene00001722,V,4362722,4364650,-
WBGene00044530,V,4365447,4366483,-
WBGene00017984,V,4369351,4371383,-
WBGene00017988,V,4371807,4373811,+
WBGene00017985,V,4373760,4374874,-
WBGene00017986,V,4374974,4376173,-
WBGene00017987,V,4376619,4377722,-
WBGene00017410,V,4381794,4382382,-
WBGene00017411,V,4382916,4385242,-
WBGene00195154,V,4385667,4386293,-
WBGene00044531,V,4386808,4387502,-
WBGene00017412,V,4393540,4396357,-
WBGene00017413,V,4398635,4400218,-
WBGene00017414,V,4401298,4401940,-
WBGene00003708,V,4407819,4410280,+
WBGene00021617,V,4410943,4412401,+
WBGene00195160,V,4411646,4411814,-
WBGene00001714,V,4412748,4414663,-
WBGene00235165,V,4416022,4416814,-
WBGene00021619,V,4417761,4418225,-
WBGene00021620,V,4419454,4419867,-
WBGene00021616,V,4420275,4420746,+
WBGene00004820,V,4420997,4421596,-
WBGene00004813,V,4422406,4423065,+
WBGene00021621,V,4423609,4423968,-
WBGene00269437,V,4424353,4424637,+
WBGene00021623,V,4427769,4428302,-
WBGene00021624,V,4428950,4429676,-
WBGene00021627,V,4431791,4433185,-
WBGene00021625,V,4434883,4435928,-
WBGene00044637,V,4438932,4443223,-
WBGene00021626,V,4443110,4450555,-
WBGene00019224,V,4451049,4454734,-
WBGene00020370,V,4471365,4473602,+
WBGene00006101,V,4474843,4476996,+
WBGene00020371,V,4480680,4481546,-
WBGene00020369,V,4483459,4486543,+
WBGene00006796,V,4497463,4511449,+
WBGene00020904,V,4511977,4516947,+
WBGene00004947,V,4517643,4549291,-
WBGene00044586,V,4553872,4554498,+
WBGene00022018,V,4558318,4559801,-
WBGene00022016,V,4560842,4561683,+
WBGene00022019,V,4562215,4570043,-
WBGene00022015,V,4571135,4585168,+
WBGene00022020,V,4573133,4573924,-
WBGene00022014,V,4585309,4602021,+
WBGene00022022,V,4605004,4606926,-
WBGene00022021,V,4607039,4615817,-
WBGene00018814,V,4616156,4617766,+
WBGene00018812,V,4617938,4628510,+
WBGene00018811,V,4628580,4635263,+
WBGene00018813,V,4635327,4637145,-
WBGene00004928,V,4642952,4646931,+
WBGene00018297,V,4647665,4648241,-
WBGene00044533,V,4648832,4650726,+
WBGene00000712,V,4652863,4654007,-
WBGene00018296,V,4654555,4655105,+
WBGene00269385,V,4655475,4655786,+
WBGene00005965,V,4658949,4662500,-
WBGene00005964,V,4663616,4665751,-
WBGene00005968,V,4666745,4668736,-
WBGene00219236,V,4671030,4672610,-
WBGene00219235,V,4673650,4674597,-
WBGene00019356,V,4675638,4676192,-
WBGene00019355,V,4681975,4685110,+
WBGene00006392,V,4687107,4688028,+
WBGene00019354,V,4687974,4689231,+
WBGene00019353,V,4689330,4691611,+
WBGene00019357,V,4691605,4692433,-
WBGene00022584,V,4694974,4700289,-
WBGene00018211,V,4710764,4714911,+
WBGene00004195,V,4715388,4720148,-
WBGene00018210,V,4722618,4724621,+
WBGene00018209,V,4724663,4726726,+
WBGene00006570,V,4726721,4730234,-
WBGene00018208,V,4731911,4734723,+
WBGene00018207,V,4737834,4741169,+
WBGene00018206,V,4742427,4745373,+
WBGene00015985,V,4745569,4748089,+
WBGene00015984,V,4750580,4753808,+
WBGene00001855,V,4754313,4755469,+
WBGene00003994,V,4755985,4758584,+
WBGene00015982,V,4760974,4764179,+
WBGene00015986,V,4764266,4766601,-
WBGene00015987,V,4767886,4769753,-
WBGene00015981,V,4770670,4773091,+
WBGene00015980,V,4777960,4780019,+
WBGene00022013,V,4783613,4786140,+
WBGene00202498,V,4785095,4785433,-
WBGene00202496,V,4787466,4788400,+
WBGene00202497,V,4789123,4791474,+
WBGene00235320,V,4792110,4793137,+
WBGene00019840,V,4794599,4796996,+
WBGene00019839,V,4801094,4802626,+
WBGene00019841,V,4802647,4805947,-
WBGene00019842,V,4810865,4818663,-
WBGene00016509,V,4818701,4823344,-
WBGene00002010,V,4824130,4826760,-
WBGene00016508,V,4827360,4836025,+
WBGene00045308,V,4832011,4834377,-
WBGene00003528,V,4836027,4840010,-
WBGene00000859,V,4840619,4841269,-
WBGene00000860,V,4841940,4842567,-
WBGene00000861,V,4842836,4843845,+
WBGene00016507,V,4844685,4846984,+
WBGene00016506,V,4847653,4849838,+
WBGene00003591,V,4851472,4857260,+
WBGene00016511,V,4857149,4862965,-
WBGene00005110,V,4865648,4870355,+
WBGene00005111,V,4872303,4874200,+
WBGene00020590,V,4874923,4879319,-
WBGene00006098,V,4879945,4881477,-
WBGene00044282,V,4884790,4885420,+
WBGene00020589,V,4885672,4886809,+
WBGene00020592,V,4887187,4889629,-
WBGene00020588,V,4890429,4891422,+
WBGene00020593,V,4892588,4895071,-
WBGene00020587,V,4896028,4897969,+
WBGene00020594,V,4898217,4900082,-
WBGene00019235,V,4901374,4903010,+
WBGene00019234,V,4903930,4905918,+
WBGene00019233,V,4906253,4908258,+
WBGene00019232,V,4908868,4911399,+
WBGene00019236,V,4911712,4912381,-
WBGene00044534,V,4913061,4915079,-
WBGene00015340,V,4918154,4918585,-
WBGene00015339,V,4919207,4919586,+
WBGene00015341,V,4920342,4920790,-
WBGene00005248,V,4921102,4922616,+
WBGene00005247,V,4923292,4924594,+
WBGene00005245,V,4924918,4926224,+
WBGene00005246,V,4926671,4928181,+
WBGene00006238,V,4928278,4929942,-
WBGene00015342,V,4930817,4933027,-
WBGene00015338,V,4934706,4939085,+
WBGene00006244,V,4943116,4944319,-
WBGene00006242,V,4948935,4951024,+
WBGene00006240,V,4951734,4953035,+
WBGene00006241,V,4956829,4958572,+
WBGene00006523,V,4958603,4963098,-
WBGene00017845,V,4971770,4973043,-
WBGene00044117,V,4973314,4974777,-
WBGene00017843,V,4975485,4977502,+
WBGene00015736,V,4977934,4979160,-
WBGene00015737,V,4979947,4980973,-
WBGene00015738,V,4981809,4983191,-
WBGene00003573,V,4983748,4987197,-
WBGene00003574,V,4991505,4995064,-
WBGene00015739,V,4997048,5000558,-
WBGene00005659,V,5001686,5003414,+
WBGene00005657,V,5012994,5015059,+
WBGene00005655,V,5019224,5022369,+
WBGene00019644,V,5023706,5027723,-
WBGene00019645,V,5029324,5030811,-
WBGene00044535,V,5033398,5034171,+
WBGene00019646,V,5034528,5035169,-
WBGene00019647,V,5035252,5036464,-
WBGene00019650,V,5036572,5038658,-
WBGene00019648,V,5039669,5041003,-
WBGene00019649,V,5042408,5046203,-
WBGene00004136,V,5049541,5052214,+
WBGene00019651,V,5052261,5053490,+
WBGene00000862,V,5053619,5056473,+
WBGene00003374,V,5056378,5064803,-
WBGene00021975,V,5067637,5069665,-
WBGene00021976,V,5071695,5072231,-
WBGene00021977,V,5077849,5080903,-
WBGene00021978,V,5082002,5085007,-
WBGene00021979,V,5085886,5087121,-
WBGene00021980,V,5087601,5089484,-
WBGene00015444,V,5093715,5096277,-
WBGene00006782,V,5097150,5098907,-
WBGene00015446,V,5100098,5102117,-
WBGene00015447,V,5103042,5105034,-
WBGene00015448,V,5105764,5107916,-
WBGene00015449,V,5108180,5110791,-
WBGene00015450,V,5111518,5113754,-
WBGene00015451,V,5114749,5119209,-
WBGene00004795,V,5119939,5126916,+
WBGene00017468,V,5127055,5130076,+
WBGene00044536,V,5130318,5131538,+
WBGene00017467,V,5132741,5137100,+
WBGene00017466,V,5138195,5141488,+
WBGene00005346,V,5142300,5143798,-
WBGene00017465,V,5144831,5145781,+
WBGene00017469,V,5146179,5150464,-
WBGene00005347,V,5151180,5152982,+
WBGene00005929,V,5154057,5155516,-
WBGene00005930,V,5156653,5157760,-
WBGene00004099,V,5158623,5159907,+
WBGene00000029,V,5160671,5161892,-
WBGene00000031,V,5163269,5194608,-
WBGene00000030,V,5163396,5164759,-
WBGene00005887,V,5165726,5167241,+
WBGene00015367,V,5168275,5169686,-
WBGene00015368,V,5170914,5172933,-
WBGene00015369,V,5175026,5177271,-
WBGene00015370,V,5178338,5181456,-
WBGene00015366,V,5181912,5183717,+
WBGene00015371,V,5191130,5192531,-
WBGene00021614,V,5195926,5198340,-
WBGene00021613,V,5204481,5213468,+
WBGene00021732,V,5223423,5230471,+
WBGene00016862,V,5230475,5233891,-
WBGene00016863,V,5234796,5237169,-
WBGene00016864,V,5237417,5239440,-
WBGene00044537,V,5240203,5240451,+
WBGene00015067,V,5240768,5243136,-
WBGene00015068,V,5250604,5252116,-
WBGene00015069,V,5256142,5257458,-
WBGene00015070,V,5258036,5259548,-
WBGene00015071,V,5260332,5263099,-
WBGene00015072,V,5263951,5265776,-
WBGene00015076,V,5267822,5268823,+
WBGene00015075,V,5269485,5270744,+
WBGene00015074,V,5274074,5275615,+
WBGene00015073,V,5275554,5278101,-
WBGene00021731,V,5286407,5287360,-
WBGene00003567,V,5303689,5311246,+
WBGene00015683,V,5311935,5312349,+
WBGene00015682,V,5312890,5314289,+
WBGene00015681,V,5314404,5315589,+
WBGene00000455,V,5315513,5319577,-
WBGene00000454,V,5323204,5324616,-
WBGene00015684,V,5324806,5328470,-
WBGene00005183,V,5331267,5333055,+
WBGene00005185,V,5334888,5336329,+
WBGene00005186,V,5337184,5339013,+
WBGene00005184,V,5339797,5341309,+
WBGene00005182,V,5342139,5344365,-
WBGene00020384,V,5346619,5349571,-
WBGene00005087,V,5351783,5353067,+
WBGene00020385,V,5354062,5358225,-
WBGene00044538,V,5365163,5366792,+
WBGene00195171,V,5366899,5368915,-
WBGene00016430,V,5372418,5377500,+
WBGene00016429,V,5386110,5389409,+
WBGene00016431,V,5389480,5393148,-
WBGene00016428,V,5405358,5408386,+
WBGene00016081,V,5408528,5410071,+
WBGene00017262,V,5410955,5413001,+
WBGene00017266,V,5413320,5415073,+
WBGene00017263,V,5418044,5420067,-
WBGene00000373,V,5421018,5423488,-
WBGene00004358,V,5428160,5430431,+
WBGene00017264,V,5431316,5432557,-
WBGene00017261,V,5433392,5437066,+
WBGene00017265,V,5437084,5439161,-
WBGene00017260,V,5446138,5448721,+
WBGene00001593,V,5449287,5453715,-
WBGene00022588,V,5460106,5461438,+
WBGene00005224,V,5461528,5462994,-
WBGene00005225,V,5463791,5465435,-
WBGene00022589,V,5465822,5468626,-
WBGene00022590,V,5468734,5471030,-
WBGene00022587,V,5471779,5473144,+
WBGene00005223,V,5480750,5482415,-
WBGene00005222,V,5483086,5484966,-
WBGene00001727,V,5485697,5488866,-
WBGene00020256,V,5490370,5493646,+
WBGene00020254,V,5493747,5503010,+
WBGene00001037,V,5503033,5504856,-
WBGene00003637,V,5505253,5509956,+
WBGene00016061,V,5509934,5513830,-
WBGene00016060,V,5514348,5520458,+
WBGene00016059,V,5523727,5530733,+
WBGene00001710,V,5530725,5533845,-
WBGene00016062,V,5534101,5536243,-
WBGene00006376,V,5536681,5537713,+
WBGene00000477,V,5538800,5545766,+
WBGene00015965,V,5545669,5548073,-
WBGene00015966,V,5550315,5557281,-
WBGene00015964,V,5558890,5564298,+
WBGene00015968,V,5564306,5567219,-
WBGene00015969,V,5568209,5570533,-
WBGene00002215,V,5575410,5581713,-
WBGene00003927,V,5583161,5584343,-
WBGene00044542,V,5585182,5586500,+
WBGene00016991,V,5589652,5591838,+
WBGene00016990,V,5592685,5593612,+
WBGene00016989,V,5593706,5594499,+
WBGene00000795,V,5594615,5595842,+
WBGene00016992,V,5595653,5596551,-
WBGene00016993,V,5599145,5601329,-
WBGene00016988,V,5606555,5609368,+
WBGene00019756,V,5609414,5613219,-
WBGene00019755,V,5615024,5616181,+
WBGene00019754,V,5617601,5618319,+
WBGene00019757,V,5618291,5620140,-
WBGene00019753,V,5623642,5624637,+
WBGene00000071,V,5624727,5630892,-
WBGene00006008,V,5644487,5646231,+
WBGene00015768,V,5647564,5651040,+
WBGene00015767,V,5654449,5658699,+
WBGene00003507,V,5658713,5660704,-
WBGene00015766,V,5660928,5663473,+
WBGene00015765,V,5663591,5665264,+
WBGene00015769,V,5665242,5666082,-
WBGene00004104,V,5669611,5676111,-
WBGene00017768,V,5678600,5682630,-
WBGene00017769,V,5682721,5684589,-
WBGene00017767,V,5684875,5685728,+
WBGene00017770,V,5685726,5687381,-
WBGene00017771,V,5690103,5691715,-
WBGene00017772,V,5700010,5701080,+
WBGene00017766,V,5709418,5712335,+
WBGene00017765,V,5712818,5714756,+
WBGene00044539,V,5714760,5716581,-
WBGene00019600,V,5717885,5722089,+
WBGene00019601,V,5723079,5726545,-
WBGene00019602,V,5727802,5728357,-
WBGene00202500,V,5729692,5730943,-
WBGene00019603,V,5734844,5735984,-
WBGene00019599,V,5747723,5752033,+
WBGene00019604,V,5752463,5753532,-
WBGene00044541,V,5754670,5755558,-
WBGene00044543,V,5756493,5756657,+
WBGene00016891,V,5758224,5760232,-
WBGene00016892,V,5762494,5763846,-
WBGene00018424,V,5770456,5771767,+
WBGene00018425,V,5771945,5772497,+
WBGene00018426,V,5772831,5777034,-
WBGene00018427,V,5778818,5780947,-
WBGene00018428,V,5781317,5782787,-
WBGene00018429,V,5782893,5785648,-
WBGene00018430,V,5785959,5790066,-
WBGene00195249,V,5790290,5790533,-
WBGene00018431,V,5791230,5792122,+
WBGene00022576,V,5792331,5794857,+
WBGene00022577,V,5794688,5798232,-
WBGene00000893,V,5799673,5805666,+
WBGene00045306,V,5805767,5807532,+
WBGene00045305,V,5812316,5813157,-
WBGene00002637,V,5826833,5832866,+
WBGene00005297,V,5833831,5835183,+
WBGene00000713,V,5835855,5836871,-
WBGene00017833,V,5837572,5838613,-
WBGene00017834,V,5838960,5845739,-
WBGene00044544,V,5854848,5856414,-
WBGene00017836,V,5863984,5865149,-
WBGene00017835,V,5866134,5867952,-
WBGene00015360,V,5872084,5874914,+
WBGene00015359,V,5876370,5879942,+
WBGene00044803,V,5881052,5882450,+
WBGene00015424,V,5882665,5883835,-
WBGene00015423,V,5893312,5895208,+
WBGene00001698,V,5895388,5898602,+
WBGene00005094,V,5898538,5900040,-
WBGene00015422,V,5902133,5904831,+
WBGene00005093,V,5904917,5906352,-
WBGene00015421,V,5907408,5909620,+
WBGene00015427,V,5912726,5913757,+
WBGene00015425,V,5914097,5917891,-
WBGene00015426,V,5918062,5919835,-
WBGene00015420,V,5920121,5920395,+
WBGene00015419,V,5922545,5924297,+
WBGene00019032,V,5927647,5930417,+
WBGene00019763,V,5930847,5933435,+
WBGene00019764,V,5933662,5936791,-
WBGene00189957,V,5937096,5939188,+
WBGene00019762,V,5940024,5943362,+
WBGene00004206,V,5943474,5950991,+
WBGene00019761,V,5951433,5953872,+
WBGene00019765,V,5953831,5954840,-
WBGene00003954,V,5960585,5963882,-
WBGene00015678,V,5961813,5969175,+
WBGene00000069,V,5976029,5981513,+
WBGene00000979,V,5983745,5985473,+
WBGene00015679,V,5985440,5986855,-
WBGene00001508,V,5987003,5990252,-
WBGene00015677,V,5996323,5999344,+
WBGene00001345,V,6003601,6016087,+
WBGene00004502,V,6016049,6017669,-
WBGene00000159,V,6017970,6018886,+
WBGene00017931,V,6018994,6026337,+
WBGene00000980,V,6026330,6034923,-
WBGene00017933,V,6035397,6037356,-
WBGene00017930,V,6039094,6040582,+
WBGene00019804,V,6041196,6043185,-
WBGene00000534,V,6044028,6045671,+
WBGene00019805,V,6044589,6045129,-
WBGene00019806,V,6045640,6047908,-
WBGene00019807,V,6047922,6051259,-
WBGene00019808,V,6051377,6053375,-
WBGene00005098,V,6055589,6056743,+
WBGene00021389,V,6057366,6063430,-
WBGene00005236,V,6065507,6067089,-
WBGene00021390,V,6067811,6070068,-
WBGene00021392,V,6096028,6096903,+
WBGene00021391,V,6097105,6099083,+
WBGene00000802,V,6098993,6100553,-
WBGene00219449,V,6101904,6102581,-
WBGene00017535,V,6105607,6107530,+
WBGene00017534,V,6107828,6114856,+
WBGene00017536,V,6108964,6110722,-
WBGene00017537,V,6111196,6112997,-
WBGene00017538,V,6118332,6120206,-
WBGene00006436,V,6120909,6202626,-
WBGene00001374,V,6139836,6143548,+
WBGene00021067,V,6204875,6206134,-
WBGene00021066,V,6206755,6208551,+
WBGene00004373,V,6208840,6217647,+
WBGene00006239,V,6218134,6219562,+
WBGene00021068,V,6221249,6227047,-
WBGene00019522,V,6235176,6237807,+
WBGene00019521,V,6249172,6252453,+
WBGene00006437,V,6257392,6267287,-
WBGene00019520,V,6259391,6260780,+
WBGene00017966,V,6268565,6270481,-
WBGene00017965,V,6270852,6274911,+
WBGene00017964,V,6276439,6278160,+
WBGene00019668,V,6279005,6280146,+
WBGene00019669,V,6280380,6281136,-
WBGene00019667,V,6281359,6284865,+
WBGene00005640,V,6284920,6286434,-
WBGene00195164,V,6288907,6289587,+
WBGene00023432,V,6291390,6292666,-
WBGene00019670,V,6293920,6294342,-
WBGene00019666,V,6303771,6308337,+
WBGene00020892,V,6314176,6316467,+
WBGene00020891,V,6316932,6326390,+
WBGene00020890,V,6327223,6328865,+
WBGene00020889,V,6329197,6331074,+
WBGene00020888,V,6331907,6334008,+
WBGene00020893,V,6334014,6336119,-
WBGene00017430,V,6356025,6362997,+
WBGene00017431,V,6363408,6365671,-
WBGene00017433,V,6372114,6374933,-
WBGene00019016,V,6386550,6389734,-
WBGene00019015,V,6390463,6392523,+
WBGene00001581,V,6392541,6399921,-
WBGene00019017,V,6401369,6408783,-
WBGene00020270,V,6414993,6417494,+
WBGene00020273,V,6417495,6424155,-
WBGene00020274,V,6424252,6425952,-
WBGene00020275,V,6426193,6427112,-
WBGene00000110,V,6427212,6429927,-
WBGene00001513,V,6431331,6433496,-
WBGene00020269,V,6434130,6436401,+
WBGene00020268,V,6436578,6437884,+
WBGene00020267,V,6438913,6440036,+
WBGene00020276,V,6440202,6441711,-
WBGene00020266,V,6442337,6447556,+
WBGene00020265,V,6448656,6450217,+
WBGene00020264,V,6450898,6452231,+
WBGene00022646,V,6453196,6454973,+
WBGene00006815,V,6465065,6487880,+
WBGene00002273,V,6488203,6489120,-
WBGene00020911,V,6490068,6493921,-
WBGene00020910,V,6497110,6498484,+
WBGene00020909,V,6499224,6502428,+
WBGene00003385,V,6502369,6504181,-
WBGene00020912,V,6504538,6505500,-
WBGene00006723,V,6506752,6508803,-
WBGene00006722,V,6508831,6509884,-
WBGene00006721,V,6509910,6511409,-
WBGene00001073,V,6511588,6515240,-
WBGene00018491,V,6515276,6516526,-
WBGene00018490,V,6518297,6519138,+
WBGene00018489,V,6520435,6521099,+
WBGene00206358,V,6521505,6521998,+
WBGene00018488,V,6524989,6532089,+
WBGene00018492,V,6532071,6533074,-
WBGene00001089,V,6533614,6546491,-
WBGene00235332,V,6549448,6549894,+
WBGene00019376,V,6550171,6551817,+
WBGene00006665,V,6552348,6560196,+
WBGene00235317,V,6554067,6554408,-
WBGene00005005,V,6556656,6558310,-
WBGene00235118,V,6558766,6559220,-
WBGene00005004,V,6560228,6561492,-
WBGene00019374,V,6562048,6564181,+
WBGene00019373,V,6566336,6568747,+
WBGene00019379,V,6568954,6570882,-
WBGene00001506,V,6573983,6575797,-
WBGene00044545,V,6576867,6577541,+
WBGene00017151,V,6578185,6580182,-
WBGene00022846,V,6580843,6584390,+
WBGene00022845,V,6585632,6587421,+
WBGene00022843,V,6590583,6593634,+
WBGene00001829,V,6594194,6599208,+
WBGene00022847,V,6599190,6602604,-
WBGene00022848,V,6602728,6605375,-
WBGene00002148,V,6606439,6611158,-
WBGene00000784,V,6614674,6615845,+
WBGene00018412,V,6622268,6624694,+
WBGene00004092,V,6624702,6626344,-
WBGene00004740,V,6633269,6639665,+
WBGene00020424,V,6649617,6652050,+
WBGene00044779,V,6652353,6653742,+
WBGene00020425,V,6653613,6655449,-
WBGene00004897,V,6655562,6656501,-
WBGene00004062,V,6662191,6665813,-
WBGene00006224,V,6667400,6668841,-
WBGene00019654,V,6669823,6672036,+
WBGene00019653,V,6674267,6676426,+
WBGene00019652,V,6676799,6679072,+
WBGene00001210,V,6679317,6681573,-
WBGene00019655,V,6685807,6688492,-
WBGene00003473,V,6691371,6691863,-
WBGene00175027,V,6692247,6694768,-
WBGene00020947,V,6695147,6697652,-
WBGene00020948,V,6703057,6704573,+
WBGene00020949,V,6704551,6706932,-
WBGene00020950,V,6707058,6709101,-
WBGene00020951,V,6709579,6710679,-
WBGene00005187,V,6716855,6718297,-
WBGene00022624,V,6720397,6723005,-
WBGene00022625,V,6723466,6723764,-
WBGene00022623,V,6727812,6730262,+
WBGene00001718,V,6730281,6731694,-
WBGene00001717,V,6731831,6733092,-
WBGene00020806,V,6745039,6748613,+
WBGene00000936,V,6758135,6760418,+
WBGene00020807,V,6760442,6762461,-
WBGene00000244,V,6762476,6765072,-
WBGene00020808,V,6765560,6768732,-
WBGene00020805,V,6768429,6768788,+
WBGene00005253,V,6769662,6771704,-
WBGene00195226,V,6772569,6773165,-
WBGene00005251,V,6774351,6776196,-
WBGene00022602,V,6778551,6779700,-
WBGene00194910,V,6780637,6783128,+
WBGene00004984,V,6783187,6784922,-
WBGene00004975,V,6785457,6787866,+
WBGene00043952,V,6787952,6788460,+
WBGene00022603,V,6788449,6792665,-
WBGene00022601,V,6793936,6795130,+
WBGene00022606,V,6798151,6799664,-
WBGene00022604,V,6800724,6801950,-
WBGene00022605,V,6802412,6804096,-
WBGene00019262,V,6804512,6806440,-
WBGene00194821,V,6807831,6809062,-
WBGene00020522,V,6810421,6813449,+
WBGene00020529,V,6813700,6815016,+
WBGene00020523,V,6815666,6817284,-
WBGene00020524,V,6817890,6819912,-
WBGene00020520,V,6821809,6826872,+
WBGene00020525,V,6827146,6828886,-
WBGene00000714,V,6829666,6830721,+
WBGene00000715,V,6831163,6832256,+
WBGene00020526,V,6832290,6835342,-
WBGene00000716,V,6835635,6836700,+
WBGene00020527,V,6836725,6838630,-
WBGene00020517,V,6839256,6840254,+
WBGene00020528,V,6840217,6842970,-
WBGene00020516,V,6842737,6846652,+
WBGene00016959,V,6850538,6851900,+
WBGene00001672,V,6852568,6854803,-
WBGene00020586,V,6870304,6873809,+
WBGene00006803,V,6881340,6891836,+
WBGene00019643,V,6895078,6896922,+
WBGene00019642,V,6896999,6898497,+
WBGene00003844,V,6898540,6900223,-
WBGene00006801,V,6901697,6929038,-
WBGene00021963,V,6931539,6934288,-
WBGene00202501,V,6935553,6935863,-
WBGene00021964,V,6945711,6947547,-
WBGene00021961,V,6948543,6948831,+
WBGene00235311,V,6949569,6949854,-
WBGene00005188,V,6950835,6953897,-
WBGene00003165,V,6956537,6966422,+
WBGene00004229,V,6966396,6970127,-
WBGene00005950,V,6971867,6973149,+
WBGene00005907,V,6976347,6977387,+
WBGene00020333,V,6977754,6979116,-
WBGene00016364,V,6980595,6982913,-
WBGene00016368,V,6983411,6986043,-
WBGene00016365,V,6986141,6987773,-
WBGene00016366,V,6987864,6989676,-
WBGene00016367,V,6990148,6991863,-
WBGene00003697,V,6995215,6997123,-
WBGene00003632,V,6998819,7000651,+
WBGene00016363,V,7004150,7005825,+
WBGene00016362,V,7006264,7006818,+
WBGene00016361,V,7007612,7008299,+
WBGene00016360,V,7009761,7012244,+
WBGene00005874,V,7012917,7014412,+
WBGene00016369,V,7014462,7015972,-
WBGene00017615,V,7017359,7018851,+
WBGene00017616,V,7018901,7021803,-
WBGene00017618,V,7024632,7027083,-
WBGene00006666,V,7028329,7036570,-
WBGene00017614,V,7046312,7049250,+
WBGene00017619,V,7047127,7047604,-
WBGene00017620,V,7049434,7051311,-
WBGene00017613,V,7051679,7052179,+
WBGene00017621,V,7052717,7053200,-
WBGene00021958,V,7054738,7055410,-
WBGene00021957,V,7058095,7058507,+
WBGene00003164,V,7058547,7059624,-
WBGene00021959,V,7059698,7060470,-
WBGene00021956,V,7060811,7062695,+
WBGene00021960,V,7063174,7063718,+
WBGene00044612,V,7063703,7065322,-
WBGene00017850,V,7072585,7075835,+
WBGene00003786,V,7075877,7081569,+
WBGene00007029,V,7081537,7084662,-
WBGene00020908,V,7085916,7088854,+
WBGene00044699,V,7089498,7091601,-
WBGene00003725,V,7091714,7093770,-
WBGene00020907,V,7102478,7103442,+
WBGene00003849,V,7103697,7114436,+
WBGene00005924,V,7117452,7118896,-
WBGene00005925,V,7119063,7120268,-
WBGene00005926,V,7120717,7122495,-
WBGene00020141,V,7123658,7128890,+
WBGene00044546,V,7129146,7129560,-
WBGene00005927,V,7129707,7131074,-
WBGene00017330,V,7132548,7133856,+
WBGene00271437,V,7134263,7135682,+
WBGene00006163,V,7136277,7138417,-
WBGene00017331,V,7139477,7141964,-
WBGene00017332,V,7141942,7145318,-
WBGene00017333,V,7145656,7147470,-
WBGene00017334,V,7148688,7150692,-
WBGene00001399,V,7151353,7153146,-
WBGene00017335,V,7154503,7156224,-
WBGene00017329,V,7157142,7159190,+
WBGene00006237,V,7159691,7161016,+
WBGene00017336,V,7161068,7163595,-
WBGene00005304,V,7164510,7165895,+
WBGene00017315,V,7167009,7169281,+
WBGene00017314,V,7175501,7178783,+
WBGene00017313,V,7179172,7182853,+
WBGene00017312,V,7184910,7188483,+
WBGene00017316,V,7188332,7193662,-
WBGene00017317,V,7193766,7196137,-
WBGene00017311,V,7196916,7198437,+
WBGene00017310,V,7200224,7205609,+
WBGene00015743,V,7205626,7214903,-
WBGene00015744,V,7215010,7219088,-
WBGene00015745,V,7219054,7221039,-
WBGene00015742,V,7221473,7222156,+
WBGene00015746,V,7222049,7223279,-
WBGene00015741,V,7224078,7225204,+
WBGene00001428,V,7225223,7226320,+
WBGene00001563,V,7226376,7230848,-
WBGene00015461,V,7231190,7232749,+
WBGene00015462,V,7232434,7234826,-
WBGene00015463,V,7234922,7237130,-
WBGene00015466,V,7237381,7239658,+
WBGene00015460,V,7239771,7241366,+
WBGene00015464,V,7242907,7247321,-
WBGene00015465,V,7252325,7255157,-
WBGene00044547,V,7258808,7260157,+
WBGene00015725,V,7262565,7264148,-
WBGene00015724,V,7266353,7268806,+
WBGene00015723,V,7269731,7272787,+
WBGene00015726,V,7273831,7275087,-
WBGene00015722,V,7275791,7278472,+
WBGene00015721,V,7279310,7280530,+
WBGene00015727,V,7280875,7281972,-
WBGene00015720,V,7282337,7284667,+
WBGene00015719,V,7286185,7287399,+
WBGene00015718,V,7289027,7291831,+
WBGene00017231,V,7292754,7295381,-
WBGene00005617,V,7296300,7297363,-
WBGene00017230,V,7298771,7301472,+
WBGene00017229,V,7304703,7305795,+
WBGene00017228,V,7307389,7309556,+
WBGene00005897,V,7311726,7313333,-
WBGene00017233,V,7314136,7321009,-
WBGene00235324,V,7322215,7323790,+
WBGene00005983,V,7324038,7325385,-
WBGene00017365,V,7327135,7327755,+
WBGene00017364,V,7328392,7330001,+
WBGene00017363,V,7331168,7331779,+
WBGene00017362,V,7332562,7333424,+
WBGene00017366,V,7333774,7337168,-
WBGene00005402,V,7338633,7339831,-
WBGene00017367,V,7340436,7341484,-
WBGene00015396,V,7342156,7343838,+
WBGene00005450,V,7344061,7345234,+
WBGene00015395,V,7346301,7348135,+
WBGene00015397,V,7348211,7349664,-
WBGene00005439,V,7350881,7352236,-
WBGene00005480,V,7353040,7354254,+
WBGene00015398,V,7354445,7355510,-
WBGene00235116,V,7356024,7356784,-
WBGene00015394,V,7357451,7358882,+
WBGene00015399,V,7359997,7361773,-
WBGene00015400,V,7362319,7364204,-
WBGene00015393,V,7365251,7366204,+
WBGene00005602,V,7369759,7372131,+
WBGene00005947,V,7374390,7375594,+
WBGene00015401,V,7377897,7379484,-
WBGene00015402,V,7379745,7381069,-
WBGene00005647,V,7384232,7386173,-
WBGene00220257,V,7386675,7387855,-
WBGene00015361,V,7388390,7389871,-
WBGene00015362,V,7390529,7392111,-
WBGene00005900,V,7393550,7395459,-
WBGene00001789,V,7398390,7399302,-
WBGene00044548,V,7399904,7400199,-
WBGene00005951,V,7400888,7402192,+
WBGene00005601,V,7402655,7403910,+
WBGene00020055,V,7407547,7408814,-
WBGene00020054,V,7409899,7411253,+
WBGene00006106,V,7411995,7413059,+
WBGene00017567,V,7413437,7413840,+
WBGene00045275,V,7414941,7415344,+
WBGene00045276,V,7416116,7416628,+
WBGene00005814,V,7417660,7419828,+
WBGene00017564,V,7420462,7421713,+
WBGene00017566,V,7423573,7424578,-
WBGene00005815,V,7425259,7426694,-
WBGene00005816,V,7427326,7428980,-
WBGene00005818,V,7429684,7431116,-
WBGene00017565,V,7433401,7435650,-
WBGene00017789,V,7435413,7436962,+
WBGene00017790,V,7437506,7437919,-
WBGene00017792,V,7438285,7439933,+
WBGene00017788,V,7440107,7441483,+
WBGene00017787,V,7445065,7446712,+
WBGene00017786,V,7447273,7448884,+
WBGene00017785,V,7449353,7451149,+
WBGene00017784,V,7451721,7452899,+
WBGene00017791,V,7452946,7454318,-
WBGene00017783,V,7455819,7457597,+
WBGene00005313,V,7459685,7460998,-
WBGene00005310,V,7463453,7464796,-
WBGene00017782,V,7465889,7471223,+
WBGene00006094,V,7471651,7472915,-
WBGene00005342,V,7475626,7476866,-
WBGene00006231,V,7477241,7478504,-
WBGene00015963,V,7479217,7481049,-
WBGene00015962,V,7483316,7485100,-
WBGene00015961,V,7486131,7487618,-
WBGene00015960,V,7489134,7490440,-
WBGene00015959,V,7491875,7493024,-
WBGene00015958,V,7493880,7495289,-
WBGene00005300,V,7497740,7499055,+
WBGene00005437,V,7502840,7504371,-
WBGene00006097,V,7506914,7508265,-
WBGene00016927,V,7508994,7510602,+
WBGene00016926,V,7511765,7513684,+
WBGene00016925,V,7515245,7517307,+
WBGene00016928,V,7517685,7520177,-
WBGene00044113,V,7522032,7522364,-
WBGene00016924,V,7523692,7525421,+
WBGene00235093,V,7526000,7526360,+
WBGene00235092,V,7527455,7527955,+
WBGene00016923,V,7529116,7529450,+
WBGene00016922,V,7530261,7531463,+
WBGene00016921,V,7533247,7535074,+
WBGene00016929,V,7536919,7537909,-
WBGene00005474,V,7539315,7540891,+
WBGene00003731,V,7540890,7544838,-
WBGene00235336,V,7545487,7545591,+
WBGene00001500,V,7546468,7548012,-
WBGene00017599,V,7552121,7552708,+
WBGene00017600,V,7552756,7553923,-
WBGene00017601,V,7557541,7558783,-
WBGene00017598,V,7562714,7564245,+
WBGene00017603,V,7566232,7567059,-
WBGene00017604,V,7569696,7570390,-
WBGene00017605,V,7571950,7575715,-
WBGene00017608,V,7575750,7581532,+
WBGene00017606,V,7577531,7580541,-
WBGene00017607,V,7581473,7587698,-
WBGene00016816,V,7587996,7594740,+
WBGene00016817,V,7588530,7590554,-
WBGene00016818,V,7594875,7596409,-
WBGene00016819,V,7598029,7598369,-
WBGene00016820,V,7599257,7600424,-
WBGene00016821,V,7600609,7601543,-
WBGene00016822,V,7602213,7603486,-
WBGene00044738,V,7603806,7609946,-
WBGene00016815,V,7606639,7607113,+
WBGene00016814,V,7610370,7610963,+
WBGene00016813,V,7611267,7611905,+
WBGene00044549,V,7612344,7615648,+
WBGene00044550,V,7618414,7620349,+
WBGene00016823,V,7620504,7622061,-
WBGene00016824,V,7622335,7624252,-
WBGene00017201,V,7624952,7626453,+
WBGene00017200,V,7626850,7627780,+
WBGene00005108,V,7629804,7631298,+
WBGene00005103,V,7632032,7633172,+
WBGene00005109,V,7633399,7634757,-
WBGene00005107,V,7635769,7636882,+
WBGene00017199,V,7638105,7638622,+
WBGene00017203,V,7638944,7639869,-
WBGene00017204,V,7642558,7643516,-
WBGene00006112,V,7645754,7647069,+
WBGene00017205,V,7647836,7649817,-
WBGene00005441,V,7650242,7651857,-
WBGene00005411,V,7652338,7653667,-
WBGene00015708,V,7668240,7669000,+
WBGene00015707,V,7672089,7673253,+
WBGene00015706,V,7676204,7676965,+
WBGene00015709,V,7679314,7681615,-
WBGene00015712,V,7681820,7683957,-
WBGene00003684,V,7684363,7686335,-
WBGene00015705,V,7686350,7688228,+
WBGene00015710,V,7688237,7689988,-
WBGene00015711,V,7692071,7693488,-
WBGene00022654,V,7697142,7700760,+
WBGene00022655,V,7701048,7703636,-
WBGene00005750,V,7705616,7706955,+
WBGene00194895,V,7707142,7708625,-
WBGene00235114,V,7712239,7713168,-
WBGene00022653,V,7713990,7714698,+
WBGene00235113,V,7714972,7716090,-
WBGene00022656,V,7716419,7717729,-
WBGene00271707,V,7721181,7722045,-
WBGene00022657,V,7722837,7724065,-
WBGene00044551,V,7724494,7726110,+
WBGene00022410,V,7728813,7730317,+
WBGene00044342,V,7731839,7733495,-
WBGene00020246,V,7733624,7734911,-
WBGene00005661,V,7735619,7737024,+
WBGene00005660,V,7738010,7739596,+
WBGene00020245,V,7748863,7751368,+
WBGene00020247,V,7751901,7754139,-
WBGene00016150,V,7760474,7761633,+
WBGene00016149,V,7771328,7773273,+
WBGene00001719,V,7774441,7775759,+
WBGene00004453,V,7775742,7776079,-
WBGene00004499,V,7776576,7777236,+
WBGene00016148,V,7777300,7778985,+
WBGene00016147,V,7781811,7784595,+
WBGene00016146,V,7785417,7787712,+
WBGene00001464,V,7793367,7794025,+
WBGene00194921,V,7798079,7800602,+
WBGene00022812,V,7801518,7803727,-
WBGene00002078,V,7805064,7814656,+
WBGene00022813,V,7808367,7810027,-
WBGene00022814,V,7810228,7811785,-
WBGene00045277,V,7814615,7814886,-
WBGene00002256,V,7820578,7821477,+
WBGene00003242,V,7827201,7842388,+
WBGene00016499,V,7835369,7837070,-
WBGene00016505,V,7836935,7837935,-
WBGene00016504,V,7838588,7839585,-
WBGene00001697,V,7842543,7844299,+
WBGene00016500,V,7844343,7847164,-
WBGene00016497,V,7849984,7851029,+
WBGene00016501,V,7852286,7853975,-
WBGene00016496,V,7854991,7857925,+
WBGene00016495,V,7857963,7859909,+
WBGene00235308,V,7860786,7861688,-
WBGene00016502,V,7862275,7863070,-
WBGene00016503,V,7863458,7864731,-
WBGene00077712,V,7868470,7870807,-
WBGene00018219,V,7875756,7876789,+
WBGene00018218,V,7877490,7878514,+
WBGene00018217,V,7878914,7881403,+
WBGene00018216,V,7891530,7895518,+
WBGene00018221,V,7892112,7893862,-
WBGene00018222,V,7895465,7899861,-
WBGene00022406,V,7925783,7926756,+
WBGene00022405,V,7927084,7928451,+
WBGene00022404,V,7928960,7930337,+
WBGene00003575,V,7930475,7933098,-
WBGene00022408,V,7936144,7937252,-
WBGene00022409,V,7938605,7940383,-
WBGene00022403,V,7943868,7946857,+
WBGene00017821,V,7947231,7948615,-
WBGene00017822,V,7951625,7952955,-
WBGene00045393,V,7953354,7954652,-
WBGene00045392,V,7954793,7955363,-
WBGene00017823,V,7955404,7956497,-
WBGene00017824,V,7957277,7958840,-
WBGene00017819,V,7959270,7960958,+
WBGene00000488,V,7961539,7968899,-
WBGene00002632,V,7972924,7977774,-
WBGene00017818,V,7981545,7982662,+
WBGene00022394,V,7982656,7983431,-
WBGene00022393,V,7983849,7985954,+
WBGene00022392,V,7986172,7988276,+
WBGene00022395,V,7993789,7994666,-
WBGene00022397,V,7996178,8000233,+
WBGene00022396,V,8001451,8004690,+
WBGene00044552,V,8005326,8005692,+
WBGene00022398,V,8006179,8007510,-
WBGene00022399,V,8008028,8010443,-
WBGene00022402,V,8010475,8011108,-
WBGene00022400,V,8011219,8012345,-
WBGene00022401,V,8012401,8014182,-
WBGene00018398,V,8017947,8021715,+
WBGene00001152,V,8022218,8023308,+
WBGene00018399,V,8023195,8024940,-
WBGene00018400,V,8026691,8028789,+
WBGene00003865,V,8029439,8031214,+
WBGene00006935,V,8031411,8035014,+
WBGene00022629,V,8035111,8039506,+
WBGene00194928,V,8035259,8036060,-
WBGene00022628,V,8047044,8049528,+
WBGene00000620,V,8049744,8050893,-
WBGene00006060,V,8052137,8053730,+
WBGene00022627,V,8054430,8057558,+
WBGene00006187,V,8058659,8060317,+
WBGene00006186,V,8060873,8062174,-
WBGene00006188,V,8065780,8067900,-
WBGene00006190,V,8068152,8069737,-
WBGene00006191,V,8070643,8072266,-
WBGene00015660,V,8076012,8079914,+
WBGene00006180,V,8080367,8081678,-
WBGene00015659,V,8082367,8082767,+
WBGene00015661,V,8084120,8085241,-
WBGene00006179,V,8089319,8090695,-
WBGene00006178,V,8090973,8092485,-
WBGene00006193,V,8093335,8095468,-
WBGene00006192,V,8096394,8098339,-
WBGene00019066,V,8099621,8100484,+
WBGene00006149,V,8102484,8106905,+
WBGene00019065,V,8104773,8105612,+
WBGene00019064,V,8108970,8118131,+
WBGene00017020,V,8118264,8120351,+
WBGene00017019,V,8121168,8123470,+
WBGene00017018,V,8123684,8126710,+
WBGene00005006,V,8126663,8129352,-
WBGene00017016,V,8130388,8133329,+
WBGene00017017,V,8133432,8134985,+
WBGene00017015,V,8143761,8147782,+
WBGene00006309,V,8157746,8159844,+
WBGene00017636,V,8159929,8161643,+
WBGene00017635,V,8161944,8165448,+
WBGene00017637,V,8164749,8168269,-
WBGene00017638,V,8177093,8177449,-
WBGene00005648,V,8179131,8183442,+
WBGene00005649,V,8183730,8185772,+
WBGene00017634,V,8186039,8187319,+
WBGene00043069,V,8187803,8190116,-
WBGene00017633,V,8190699,8192050,+
WBGene00017639,V,8192060,8195937,-
WBGene00017640,V,8196774,8199094,-
WBGene00019478,V,8201808,8202546,+
WBGene00019477,V,8203379,8205986,+
WBGene00019476,V,8207235,8208013,+
WBGene00019479,V,8207930,8213968,-
WBGene00019480,V,8215534,8217884,-
WBGene00019481,V,8218279,8221316,-
WBGene00000098,V,8221410,8223587,+
WBGene00003937,V,8224965,8226037,+
WBGene00019482,V,8226061,8226852,-
WBGene00004395,V,8228300,8238409,-
WBGene00015858,V,8238959,8240021,-
WBGene00015859,V,8240928,8242898,-
WBGene00015860,V,8243709,8245400,-
WBGene00015861,V,8248123,8250289,-
WBGene00015862,V,8256831,8258076,-
WBGene00015857,V,8259316,8261315,+
WBGene00015863,V,8261390,8263566,-
WBGene00015864,V,8264241,8264663,+
WBGene00017679,V,8265202,8266385,-
WBGene00000219,V,8267511,8268937,-
WBGene00017678,V,8269254,8272058,+
WBGene00000218,V,8272375,8274046,+
WBGene00006184,V,8277516,8278930,-
WBGene00006183,V,8279375,8282167,-
WBGene00017681,V,8282333,8284900,-
WBGene00005190,V,8292064,8293516,+
WBGene00020939,V,8293809,8294900,-
WBGene00020940,V,8296558,8297604,-
WBGene00020941,V,8297700,8299244,-
WBGene00020942,V,8299753,8301507,-
WBGene00004766,V,8301490,8302580,-
WBGene00020946,V,8302887,8304469,-
WBGene00020943,V,8305120,8306460,-
WBGene00020938,V,8307942,8310766,+
WBGene00044356,V,8311510,8312041,+
WBGene00020945,V,8318435,8322863,+
WBGene00020944,V,8326191,8326514,-
WBGene00006582,V,8336658,8340675,+
WBGene00235325,V,8343878,8345514,+
WBGene00015592,V,8345759,8349909,+
WBGene00018180,V,8351671,8353085,+
WBGene00003395,V,8355953,8358185,+
WBGene00018181,V,8358203,8359163,-
WBGene00018179,V,8359818,8361394,+
WBGene00001664,V,8371014,8374027,+
WBGene00018182,V,8374027,8375474,-
WBGene00018178,V,8376117,8377944,+
WBGene00018183,V,8378903,8379925,-
WBGene00018694,V,8379474,8383747,+
WBGene00044696,V,8383922,8384867,+
WBGene00002021,V,8384774,8386268,-
WBGene00001534,V,8387356,8392324,+
WBGene00018696,V,8392357,8394383,-
WBGene00018693,V,8394800,8396344,+
WBGene00018697,V,8398145,8402669,-
WBGene00018692,V,8410595,8411831,+
WBGene00018698,V,8411775,8413513,-
WBGene00004078,V,8414085,8415254,+
WBGene00018700,V,8415687,8444773,-
WBGene00020720,V,8446608,8448009,-
WBGene00044553,V,8455396,8457606,+
WBGene00020721,V,8457616,8460419,-
WBGene00001040,V,8461096,8462116,-
WBGene00020719,V,8462327,8465569,+
WBGene00020718,V,8465617,8467159,+
WBGene00020717,V,8467265,8468943,+
WBGene00020716,V,8469040,8470072,+
WBGene00020722,V,8470013,8471244,-
WBGene00004256,V,8494889,8502336,+
WBGene00022842,V,8502591,8504591,-
WBGene00022840,V,8510237,8512663,+
WBGene00018481,V,8512689,8513463,-
WBGene00018482,V,8513577,8518764,-
WBGene00018483,V,8519346,8520896,-
WBGene00018480,V,8521503,8524555,+
WBGene00018479,V,8525908,8528580,+
WBGene00018478,V,8529519,8532465,+
WBGene00001882,V,8532540,8533098,-
WBGene00001881,V,8533379,8533869,+
WBGene00001880,V,8534387,8534977,-
WBGene00001879,V,8535177,8535662,+
WBGene00001913,V,8536314,8536716,+
WBGene00018477,V,8537331,8539614,+
WBGene00017798,V,8539728,8545566,-
WBGene00003816,V,8546128,8548880,+
WBGene00006435,V,8549289,8551165,+
WBGene00000054,V,8552695,8555388,+
WBGene00000055,V,8561216,8564345,+
WBGene00017799,V,8564303,8565175,-
WBGene00017800,V,8565275,8570077,-
WBGene00017797,V,8570311,8581397,+
WBGene00017796,V,8576084,8579940,+
WBGene00015670,V,8581261,8583576,+
WBGene00015671,V,8583553,8584554,-
WBGene00007055,V,8594914,8597500,+
WBGene00018288,V,8597851,8599292,-
WBGene00018289,V,8599584,8601412,-
WBGene00044554,V,8602084,8602825,-
WBGene00018286,V,8603480,8605469,+
WBGene00018290,V,8605088,8606141,-
WBGene00018285,V,8607800,8615841,+
WBGene00018291,V,8610870,8611268,-
WBGene00001694,V,8619032,8619869,+
WBGene00018292,V,8619925,8621348,-
WBGene00018284,V,8622614,8623563,+
WBGene00194909,V,8624221,8626546,+
WBGene00018293,V,8626900,8629129,-
WBGene00018294,V,8629223,8631325,-
WBGene00018295,V,8631871,8635675,-
WBGene00001721,V,8635820,8637006,-
WBGene00235312,V,8637245,8638125,-
WBGene00017879,V,8638237,8640585,+
WBGene00017880,V,8640596,8641344,-
WBGene00017881,V,8641491,8643225,-
WBGene00022538,V,8666065,8671680,+
WBGene00022539,V,8671367,8673545,-
WBGene00022540,V,8674602,8677293,-
WBGene00022537,V,8681350,8682939,+
WBGene00000541,V,8682955,8686160,+
WBGene00022541,V,8686071,8686864,-
WBGene00022542,V,8686958,8688435,-
WBGene00022543,V,8692198,8693572,-
WBGene00022544,V,8694329,8696507,-
WBGene00022536,V,8699736,8712010,-
WBGene00001616,V,8716495,8720893,+
WBGene00022551,V,8721198,8722260,-
WBGene00022552,V,8723589,8725363,-
WBGene00022550,V,8726516,8728894,+
WBGene00022549,V,8729458,8732789,+
WBGene00022548,V,8733106,8735781,+
WBGene00022547,V,8736674,8738437,+
WBGene00022546,V,8739437,8742259,+
WBGene00015223,V,8746158,8750177,+
WBGene00202499,V,8751884,8753014,+
WBGene00015222,V,8753695,8754873,+
WBGene00015221,V,8754970,8755759,+
WBGene00015224,V,8757489,8758718,-
WBGene00015227,V,8758820,8760516,-
WBGene00015225,V,8760687,8763194,-
WBGene00015226,V,8764888,8766038,-
WBGene00015220,V,8768909,8770876,+
WBGene00006006,V,8771899,8773781,+
WBGene00015219,V,8774332,8776630,+
WBGene00015218,V,8776570,8779318,+
WBGene00015275,V,8783422,8784165,-
WBGene00006342,V,8786551,8792771,+
WBGene00006467,V,8792696,8795567,-
WBGene00015276,V,8800151,8800996,-
WBGene00004457,V,8805416,8819955,-
WBGene00015277,V,8821866,8822558,-
WBGene00021108,V,8824559,8825203,-
WBGene00021107,V,8828165,8829909,+
WBGene00021106,V,8830183,8831441,+
WBGene00017188,V,8835611,8836710,+
WBGene00017189,V,8845306,8846835,-
WBGene00001924,V,8847393,8847704,-
WBGene00001923,V,8847943,8848353,+
WBGene00001925,V,8849788,8850171,-
WBGene00001926,V,8850464,8850835,+
WBGene00001928,V,8853006,8853431,-
WBGene00001927,V,8853670,8854053,+
WBGene00017190,V,8854993,8862049,-
WBGene00017191,V,8863960,8864652,-
WBGene00017192,V,8865351,8867297,-
WBGene00017186,V,8870259,8872003,+
WBGene00017185,V,8872277,8873535,+
WBGene00017152,V,8876035,8877015,+
WBGene00022607,V,8877705,8878804,+
WBGene00019442,V,8887401,8888930,-
WBGene00001902,V,8889488,8889799,-
WBGene00001901,V,8890038,8890448,+
WBGene00001895,V,8891883,8892266,-
WBGene00001896,V,8892559,8892930,+
WBGene00001894,V,8895101,8895472,-
WBGene00001893,V,8895765,8896148,+
WBGene00001891,V,8897458,8897992,-
WBGene00001892,V,8898195,8898645,+
WBGene00019448,V,8899276,8902221,+
WBGene00019445,V,8902339,8905364,+
WBGene00019444,V,8907629,8909442,+
WBGene00003386,V,8909725,8914033,-
WBGene00019443,V,8914915,8916795,+
WBGene00019203,V,8923088,8923936,+
WBGene00019204,V,8923900,8928938,-
WBGene00019202,V,8932618,8934265,+
WBGene00006760,V,8936359,8939676,+
WBGene00020554,V,8939592,8944063,-
WBGene00001526,V,8947799,8956294,+
WBGene00020553,V,8957045,8961935,+
WBGene00003634,V,8961915,8964099,-
WBGene00020555,V,8964711,8968406,-
WBGene00019114,V,8968737,8969955,-
WBGene00019115,V,8970744,8972364,-
WBGene00019116,V,8973182,8974943,-
WBGene00006143,V,8979522,8980929,-
WBGene00006145,V,8982387,8983689,-
WBGene00006144,V,8984525,8985840,-
WBGene00006146,V,8986694,8987965,-
WBGene00019113,V,8990244,8991664,+
WBGene00019112,V,8991789,8993142,+
WBGene00019111,V,8995101,8996664,+
WBGene00019109,V,9001475,9003100,+
WBGene00005892,V,9003709,9004967,+
WBGene00005894,V,9005543,9006931,+
WBGene00005893,V,9009475,9010788,+
WBGene00005412,V,9012199,9013865,-
WBGene00019850,V,9014408,9015640,-
WBGene00019849,V,9016864,9019318,+
WBGene00019851,V,9019595,9022178,-
WBGene00044617,V,9022361,9024806,-
WBGene00016095,V,9030548,9032593,+
WBGene00016094,V,9033567,9035605,+
WBGene00016093,V,9036236,9040289,+
WBGene00016092,V,9041330,9043677,+
WBGene00016091,V,9045171,9046967,+
WBGene00235313,V,9046976,9047605,-
WBGene00016096,V,9050102,9051191,-
WBGene00016097,V,9053322,9053995,-
WBGene00023417,V,9054268,9054844,-
WBGene00016099,V,9055326,9056392,-
WBGene00016100,V,9057543,9058332,-
WBGene00202512,V,9058401,9059594,-
WBGene00023431,V,9059750,9060481,+
WBGene00016101,V,9060494,9062441,-
WBGene00020862,V,9067976,9068390,+
WBGene00020863,V,9068368,9069694,-
WBGene00020864,V,9069865,9073528,-
WBGene00020865,V,9074784,9076322,-
WBGene00002015,V,9087293,9087782,-
WBGene00002019,V,9088131,9088617,+
WBGene00002020,V,9089280,9089766,-
WBGene00002017,V,9090077,9090604,+
WBGene00020861,V,9092345,9094345,+
WBGene00017659,V,9096007,9097233,+
WBGene00017658,V,9097121,9098696,-
WBGene00017661,V,9099638,9101133,-
WBGene00235330,V,9108585,9109140,+
WBGene00004119,V,9109584,9111013,+
WBGene00017657,V,9112767,9122180,+
WBGene00195086,V,9122317,9123260,+
WBGene00017660,V,9123489,9123809,+
WBGene00017656,V,9124480,9124994,+
WBGene00017655,V,9125645,9126006,+
WBGene00017654,V,9126679,9127593,+
WBGene00235309,V,9128075,9128729,+
WBGene00017653,V,9128710,9130943,+
WBGene00017652,V,9132384,9133275,+
WBGene00015053,V,9134255,9135347,+
WBGene00015054,V,9135656,9137718,-
WBGene00015055,V,9138946,9141397,-
WBGene00006418,V,9144630,9146899,-
WBGene00015056,V,9152321,9154872,-
WBGene00235316,V,9155615,9156736,-
WBGene00015058,V,9158384,9159538,+
WBGene00000717,V,9159642,9160642,-
WBGene00000718,V,9162051,9163005,-
WBGene00000599,V,9164297,9165307,-
WBGene00044582,V,9165820,9168041,-
WBGene00015057,V,9168393,9173024,-
WBGene00004107,V,9174089,9175250,+
WBGene00016045,V,9175798,9177997,+
WBGene00004216,V,9177949,9181719,-
WBGene00016044,V,9191617,9195877,+
WBGene00016046,V,9195821,9197326,-
WBGene00006221,V,9197751,9198987,-
WBGene00000215,V,9199680,9204734,+
WBGene00002132,V,9204703,9207467,-
WBGene00007023,V,9209463,9213654,-
WBGene00044077,V,9213746,9217243,-
WBGene00001695,V,9221866,9224354,+
WBGene00017193,V,9226094,9227523,+
WBGene00017194,V,9227710,9232396,-
WBGene00017195,V,9234610,9243221,-
WBGene00000003,V,9244402,9246360,-
WBGene00006152,V,9248031,9249306,-
WBGene00004211,V,9250275,9254223,+
WBGene00017197,V,9254219,9254632,-
WBGene00202511,V,9255778,9256342,-
WBGene00017198,V,9256864,9261124,-
WBGene00022788,V,9263800,9266499,-
WBGene00001954,V,9280702,9282154,-
WBGene00022789,V,9284129,9287617,-
WBGene00022790,V,9290683,9292118,-
WBGene00018405,V,9297632,9302158,+
WBGene00018404,V,9303326,9304622,+
WBGene00018403,V,9305416,9310926,+
WBGene00018402,V,9318311,9320995,+
WBGene00018406,V,9321503,9322905,+
WBGene00006499,V,9323085,9327209,+
WBGene00019465,V,9327145,9333062,-
WBGene00019464,V,9328970,9331527,+
WBGene00006729,V,9334773,9336668,+
WBGene00000766,V,9336762,9338858,+
WBGene00019466,V,9338859,9344218,-
WBGene00019467,V,9345022,9346962,-
WBGene00006623,V,9345772,9348687,+
WBGene00005938,V,9349987,9351332,+
WBGene00005937,V,9353247,9354497,+
WBGene00017091,V,9354512,9355471,-
WBGene00023485,V,9355505,9356541,-
WBGene00001665,V,9356750,9359774,-
WBGene00017092,V,9369549,9371086,-
WBGene00017093,V,9371620,9373613,-
WBGene00017094,V,9373954,9374842,-
WBGene00017095,V,9375099,9378404,-
WBGene00017096,V,9379435,9379908,-
WBGene00017097,V,9380068,9382336,-
WBGene00002036,V,9386179,9400062,+
WBGene00018088,V,9400327,9401855,+
WBGene00018089,V,9401805,9406360,-
WBGene00044555,V,9414120,9414518,-
WBGene00018087,V,9417056,9419298,+
WBGene00018090,V,9419292,9425762,-
WBGene00018091,V,9426852,9427523,-
WBGene00021821,V,9439160,9439549,-
WBGene00019237,V,9444050,9460639,+
WBGene00008556,V,9460686,9462705,-
WBGene00001449,V,9471975,9473796,+
WBGene00003522,V,9478163,9479601,+
WBGene00010596,V,9480472,9480923,-
WBGene00010592,V,9484206,9489033,+
WBGene00077497,V,9489524,9489800,-
WBGene00010597,V,9490028,9491715,-
WBGene00010593,V,9497042,9499372,+
WBGene00010594,V,9501401,9504580,+
WBGene00010595,V,9505603,9507049,+
WBGene00008669,V,9508079,9510476,+
WBGene00008670,V,9513824,9517585,+
WBGene00008233,V,9517519,9518933,-
WBGene00008234,V,9523167,9524199,-
WBGene00008229,V,9526698,9529259,+
WBGene00008235,V,9529951,9531577,-
WBGene00008230,V,9531819,9534537,+
WBGene00008231,V,9534926,9536404,+
WBGene00008232,V,9536771,9537769,+
WBGene00008236,V,9537672,9539738,-
WBGene00008238,V,9539844,9541606,-
WBGene00003160,V,9541782,9544226,-
WBGene00001909,V,9544611,9545398,-
WBGene00001915,V,9545494,9546264,+
WBGene00001910,V,9546092,9546838,+
WBGene00001911,V,9547083,9547607,+
WBGene00008237,V,9547606,9549836,-
WBGene00009098,V,9550644,9556064,+
WBGene00009100,V,9556226,9561643,-
WBGene00009101,V,9565450,9568788,-
WBGene00009102,V,9568749,9570295,-
WBGene00009099,V,9577128,9579946,+
WBGene00009103,V,9580041,9582644,-
WBGene00010727,V,9583545,9590523,+
WBGene00010728,V,9590617,9591255,+
WBGene00010729,V,9597351,9597566,-
WBGene00001053,V,9608562,9614942,+
WBGene00004146,V,9616031,9617654,+
WBGene00011537,V,9618233,9619019,-
WBGene00011536,V,9620150,9621036,+
WBGene00011535,V,9622105,9622934,-
WBGene00077691,V,9625422,9626269,+
WBGene00011534,V,9626404,9628143,+
WBGene00044011,V,9628314,9629110,-
WBGene00000719,V,9629943,9631012,+
WBGene00011533,V,9631244,9632256,+
WBGene00000720,V,9632029,9633338,-
WBGene00000226,V,9634861,9645595,-
WBGene00001830,V,9645746,9650297,+
WBGene00235328,V,9651544,9651777,+
WBGene00007140,V,9654755,9657975,+
WBGene00007141,V,9658931,9661614,-
WBGene00013962,V,9666700,9670050,+
WBGene00013963,V,9670028,9673630,-
WBGene00013964,V,9678277,9679302,+
WBGene00013968,V,9679357,9680215,+
WBGene00013965,V,9680173,9685715,-
WBGene00004320,V,9689686,9690615,-
WBGene00013966,V,9691039,9692159,-
WBGene00013967,V,9692899,9694785,+
WBGene00001842,V,9697129,9701552,+
WBGene00009580,V,9703055,9707824,+
WBGene00006470,V,9706603,9709877,-
WBGene00009586,V,9711447,9713632,-
WBGene00009581,V,9715209,9716380,+
WBGene00006230,V,9716697,9718051,+
WBGene00009582,V,9719743,9724118,-
WBGene00009583,V,9725972,9729510,-
WBGene00009584,V,9730110,9734022,+
WBGene00009585,V,9734103,9735316,+
WBGene00000172,V,9737556,9739740,+
WBGene00077696,V,9739702,9740894,+
WBGene00010251,V,9741206,9744326,+
WBGene00077697,V,9745240,9749228,+
WBGene00010253,V,9749971,9750408,-
WBGene00010255,V,9752076,9752861,-
WBGene00010254,V,9753423,9754581,-
WBGene00010257,V,9755076,9755808,-
WBGene00010256,V,9756485,9757019,+
WBGene00010258,V,9756954,9757984,-
WBGene00006778,V,9764645,9769361,-
WBGene00009768,V,9772430,9774881,+
WBGene00009776,V,9774897,9775834,-
WBGene00004882,V,9775935,9777743,-
WBGene00009769,V,9777863,9779518,-
WBGene00009770,V,9779550,9783062,-
WBGene00009771,V,9783167,9786868,-
WBGene00009772,V,9786949,9789707,-
WBGene00009773,V,9791567,9793234,+
WBGene00009774,V,9796862,9798270,+
WBGene00044192,V,9798926,9799179,-
WBGene00009775,V,9801463,9802028,-
WBGene00005702,V,9803476,9804607,+
WBGene00005700,V,9805461,9806600,+
WBGene00005696,V,9807635,9809432,+
WBGene00005692,V,9811461,9812619,+
WBGene00005693,V,9813838,9815007,+
WBGene00005694,V,9816690,9817862,+
WBGene00006232,V,9820554,9821824,-
WBGene00006070,V,9822619,9824249,-
WBGene00005703,V,9832742,9834000,-
WBGene00005701,V,9834463,9836088,-
WBGene00011084,V,9837979,9839588,+
WBGene00005699,V,9841676,9843179,+
WBGene00005671,V,9843866,9846161,+
WBGene00045419,V,9846158,9859963,-
WBGene00011701,V,9866628,9868411,-
WBGene00011702,V,9869887,9871439,-
WBGene00043059,V,9876687,9879504,-
WBGene00011704,V,9880114,9881181,+
WBGene00011705,V,9882034,9885960,-
WBGene00008239,V,9889839,9894849,+
WBGene00001211,V,9899587,9907644,+
WBGene00008244,V,9905854,9906215,-
WBGene00003173,V,9907632,9915103,-
WBGene00008245,V,9914163,9914529,+
WBGene00008240,V,9916975,9919167,+
WBGene00008241,V,9918770,9919790,+
WBGene00008242,V,9921337,9922194,+
WBGene00008243,V,9923285,9923936,+
WBGene00008246,V,9926544,9927884,+
WBGene00011576,V,9927782,9930775,-
WBGene00044204,V,9931019,9932368,+
WBGene00005618,V,9935548,9937535,-
WBGene00011577,V,9943339,9943612,+
WBGene00011570,V,9944393,9945895,+
WBGene00077775,V,9946322,9948940,-
WBGene00011571,V,9951233,9952182,+
WBGene00011572,V,9952699,9956883,+
WBGene00011573,V,9956879,9958331,-
WBGene00011574,V,9959997,9960337,-
WBGene00011575,V,9960747,9962494,-
WBGene00006777,V,9966404,9976226,-
WBGene00007784,V,9978791,9980802,-
WBGene00007785,V,9981249,9982766,+
WBGene00077500,V,9982868,9983932,+
WBGene00007786,V,9983924,9986277,-
WBGene00007787,V,9986330,9987788,-
WBGene00004323,V,9987916,9991642,-
WBGene00010699,V,9991812,9992792,+
WBGene00010698,V,9993732,9995883,-
WBGene00077491,V,10001118,10002766,+
WBGene00010697,V,10004755,10007482,+
WBGene00002263,V,10011871,10028158,+
WBGene00011543,V,10028150,10031094,-
WBGene00011544,V,10035746,10036413,-
WBGene00010177,V,10037340,10048726,+
WBGene00010178,V,10050047,10054913,-
WBGene00006169,V,10052155,10053893,+
WBGene00010183,V,10064503,10064939,+
WBGene00010179,V,10067087,10068818,+
WBGene00010180,V,10069369,10070641,-
WBGene00010181,V,10071945,10073893,-
WBGene00010182,V,10075749,10077804,+
WBGene00011001,V,10077905,10078344,-
WBGene00011002,V,10080119,10081739,-
WBGene00003611,V,10082141,10084043,-
WBGene00011004,V,10085281,10087313,+
WBGene00011003,V,10087480,10088998,+
WBGene00011005,V,10089157,10090561,-
WBGene00011008,V,10090688,10091252,-
WBGene00005127,V,10094720,10096311,+
WBGene00011006,V,10096305,10098597,-
WBGene00044044,V,10100156,10102016,-
WBGene00007422,V,10102592,10104946,-
WBGene00007423,V,10105712,10106694,+
WBGene00007431,V,10107684,10109905,+
WBGene00007424,V,10109872,10112287,-
WBGene00007425,V,10114629,10117368,+
WBGene00007426,V,10117765,10119688,+
WBGene00007432,V,10119574,10120986,-
WBGene00044012,V,10121134,10122770,-
WBGene00007427,V,10123638,10124689,+
WBGene00007430,V,10125052,10127570,+
WBGene00000142,V,10127492,10130295,-
WBGene00007428,V,10130405,10134148,-
WBGene00007429,V,10134643,10143081,+
WBGene00008254,V,10145905,10148977,+
WBGene00008247,V,10149093,10150383,+
WBGene00008248,V,10150066,10152159,+
WBGene00008249,V,10152583,10154756,+
WBGene00008250,V,10154998,10156381,+
WBGene00008251,V,10158833,10160297,+
WBGene00008255,V,10160439,10161161,-
WBGene00008252,V,10164135,10166463,-
WBGene00001172,V,10169197,10173753,-
WBGene00000840,V,10179535,10183154,+
WBGene00014105,V,10183284,10184446,+
WBGene00194912,V,10184689,10186007,-
WBGene00014106,V,10186012,10190366,-
WBGene00014107,V,10198704,10199942,+
WBGene00014108,V,10201856,10202610,+
WBGene00014109,V,10202538,10203485,-
WBGene00014112,V,10203772,10205587,-
WBGene00050936,V,10205240,10205587,-
WBGene00014111,V,10205683,10206602,-
WBGene00014114,V,10206619,10210344,-
WBGene00006489,V,10210444,10212127,-
WBGene00014113,V,10212929,10216305,+
WBGene00044020,V,10217079,10219022,+
WBGene00007540,V,10219455,10220470,-
WBGene00044174,V,10220981,10221417,-
WBGene00044175,V,10221662,10221963,+
WBGene00194780,V,10222307,10223521,+
WBGene00007536,V,10223513,10225760,-
WBGene00007535,V,10226885,10227434,-
WBGene00007541,V,10228043,10228460,-
WBGene00007542,V,10228641,10229322,-
WBGene00007543,V,10229807,10230163,+
WBGene00007544,V,10231232,10231594,+
WBGene00006226,V,10231821,10233430,-
WBGene00007534,V,10236160,10238902,-
WBGene00007537,V,10239590,10240185,-
WBGene00195157,V,10240573,10241188,-
WBGene00000721,V,10241784,10242718,+
WBGene00007538,V,10242787,10243205,-
WBGene00000102,V,10248907,10252895,+
WBGene00004405,V,10252821,10255055,-
WBGene00012494,V,10256360,10258654,+
WBGene00005530,V,10258661,10260554,-
WBGene00004364,V,10261131,10270314,-
WBGene00206471,V,10275402,10275646,-
WBGene00003090,V,10277827,10279127,+
WBGene00003091,V,10280310,10281474,-
WBGene00003092,V,10282204,10283544,-
WBGene00007096,V,10287564,10289272,+
WBGene00007104,V,10289721,10291710,+
WBGene00000722,V,10291697,10292869,-
WBGene00000723,V,10293563,10294623,-
WBGene00007097,V,10297399,10298865,+
WBGene00000491,V,10299473,10307354,-
WBGene00001533,V,10308291,10314053,-
WBGene00007099,V,10314641,10315304,+
WBGene00007100,V,10315245,10317394,-
WBGene00007101,V,10317490,10319534,-
WBGene00001646,V,10319535,10320158,-
WBGene00007102,V,10320715,10322304,+
WBGene00007103,V,10322288,10332112,-
WBGene00000200,V,10335443,10338355,-
WBGene00010625,V,10339500,10340971,+
WBGene00050947,V,10342055,10342743,+
WBGene00010626,V,10343032,10345489,+
WBGene00010632,V,10346662,10350154,-
WBGene00010627,V,10350471,10352978,-
WBGene00010629,V,10353584,10355837,-
WBGene00010628,V,10356285,10357903,-
WBGene00010630,V,10358544,10361430,+
WBGene00010631,V,10362261,10366014,+
WBGene00005532,V,10368556,10369868,+
WBGene00007070,V,10372325,10374245,+
WBGene00077503,V,10378982,10379364,-
WBGene00000024,V,10380340,10381826,-
WBGene00004098,V,10382442,10384063,+
WBGene00004964,V,10384157,10385711,+
WBGene00007071,V,10388402,10393504,+
WBGene00000724,V,10393531,10395232,-
WBGene00007072,V,10395663,10397817,+
WBGene00007073,V,10398717,10401307,+
WBGene00008875,V,10401447,10402904,-
WBGene00008874,V,10403184,10406424,-
WBGene00195181,V,10409763,10410091,-
WBGene00044013,V,10413332,10414692,-
WBGene00044014,V,10415734,10417025,-
WBGene00008872,V,10417617,10419053,-
WBGene00000602,V,10420890,10421892,-
WBGene00000601,V,10423907,10425092,-
WBGene00000144,V,10425362,10426399,-
WBGene00008871,V,10426633,10428731,-
WBGene00012529,V,10428726,10433604,-
WBGene00012527,V,10436912,10441149,+
WBGene00004909,V,10438366,10440823,-
WBGene00012528,V,10441979,10446459,+
WBGene00012530,V,10446534,10453781,-
WBGene00009058,V,10453748,10457347,-
WBGene00009060,V,10459188,10463364,-
WBGene00009059,V,10462282,10464660,+
WBGene00001178,V,10468411,10476952,+
WBGene00012532,V,10478566,10480963,+
WBGene00012531,V,10480949,10484740,-
WBGene00003570,V,10486473,10490048,-
WBGene00000173,V,10491743,10493268,+
WBGene00007946,V,10493406,10496477,+
WBGene00007948,V,10497059,10499324,+
WBGene00007947,V,10499355,10501395,-
WBGene00044024,V,10502116,10503111,-
WBGene00044016,V,10504193,10505401,+
WBGene00007949,V,10505850,10507829,+
WBGene00007950,V,10509055,10510451,+
WBGene00007951,V,10510684,10514371,-
WBGene00007952,V,10521992,10525908,-
WBGene00007953,V,10526298,10528396,+
WBGene00009108,V,10528754,10530568,+
WBGene00009107,V,10530641,10532848,-
WBGene00006460,V,10532894,10536388,-
WBGene00195256,V,10539414,10539925,+
WBGene00009109,V,10540324,10545742,+
WBGene00009110,V,10545741,10546799,-
WBGene00005112,V,10547598,10549081,-
WBGene00009338,V,10550017,10554493,+
WBGene00009339,V,10554616,10555238,-
WBGene00009340,V,10557976,10560793,+
WBGene00000725,V,10560921,10562150,+
WBGene00000298,V,10564880,10566445,+
WBGene00006934,V,10566365,10576419,-
WBGene00011891,V,10572920,10575449,+
WBGene00011890,V,10576513,10578322,-
WBGene00011892,V,10578428,10579141,-
WBGene00003065,V,10579309,10580693,+
WBGene00011893,V,10581887,10587164,+
WBGene00005189,V,10587167,10588794,-
WBGene00011894,V,10589092,10589898,-
WBGene00011895,V,10590548,10592653,-
WBGene00011896,V,10593936,10594906,-
WBGene00011898,V,10597266,10598666,+
WBGene00011897,V,10599105,10602147,+
WBGene00010418,V,10602458,10605568,+
WBGene00010375,V,10612926,10615511,-
WBGene00003114,V,10633058,10635411,+
WBGene00007862,V,10636022,10645135,+
WBGene00007863,V,10645020,10646963,-
WBGene00206383,V,10647775,10648005,+
WBGene00000174,V,10648446,10651952,+
WBGene00044286,V,10651995,10654265,-
WBGene00009255,V,10654417,10656976,-
WBGene00009256,V,10658194,10659658,+
WBGene00005022,V,10659635,10661467,-
WBGene00006667,V,10667586,10670860,+
WBGene00000445,V,10672459,10675644,+
WBGene00001747,V,10682422,10686537,+
WBGene00219209,V,10687901,10688563,+
WBGene00220253,V,10695481,10695612,+
WBGene00004083,V,10702549,10704906,+
WBGene00012117,V,10712165,10732507,-
WBGene00003405,V,10733931,10736892,-
WBGene00013862,V,10737116,10739350,+
WBGene00013863,V,10739276,10741457,-
WBGene00005610,V,10742466,10743749,-
WBGene00005609,V,10744642,10746469,+
WBGene00009238,V,10746548,10747337,-
WBGene00009236,V,10747944,10748938,+
WBGene00009237,V,10749607,10750788,-
WBGene00009240,V,10751057,10754147,-
WBGene00009239,V,10754469,10756664,-
WBGene00009241,V,10758958,10760663,+
WBGene00009242,V,10760658,10762790,-
WBGene00003838,V,10764366,10768454,+
WBGene00008370,V,10768465,10770217,-
WBGene00003923,V,10770321,10771351,+
WBGene00008371,V,10771451,10772832,+
WBGene00008372,V,10772819,10776578,-
WBGene00008375,V,10784236,10785367,+
WBGene00008376,V,10785801,10791057,-
WBGene00008377,V,10791975,10792830,-
WBGene00008378,V,10793793,10794924,+
WBGene00194677,V,10795800,10796828,+
WBGene00005399,V,10796863,10798157,-
WBGene00077783,V,10800725,10801291,-
WBGene00008379,V,10802336,10804474,-
WBGene00008380,V,10804721,10806034,-
WBGene00006481,V,10806131,10807973,-
WBGene00206498,V,10812063,10812344,+
WBGene00007797,V,10812343,10813487,-
WBGene00002985,V,10814113,10816718,+
WBGene00007799,V,10825012,10846695,+
WBGene00007800,V,10847193,10852502,+
WBGene00010012,V,10852519,10865792,-
WBGene00009326,V,10880837,10883399,+
WBGene00009327,V,10883778,10886102,+
WBGene00009328,V,10886837,10887965,+
WBGene00043302,V,10887873,10889004,-
WBGene00009334,V,10888572,10891030,-
WBGene00009329,V,10891338,10893560,-
WBGene00009336,V,10893649,10894788,-
WBGene00009330,V,10894800,10895953,+
WBGene00009335,V,10895654,10896543,-
WBGene00001303,V,10896658,10897143,-
WBGene00009331,V,10898435,10900701,+
WBGene00005001,V,10900563,10901303,-
WBGene00009332,V,10901480,10902782,-
WBGene00009325,V,10904059,10906774,+
WBGene00009333,V,10906755,10909171,-
WBGene00010235,V,10917648,10918401,-
WBGene00003549,V,10918861,10921847,-
WBGene00077682,V,10922986,10923336,-
WBGene00010239,V,10925322,10926796,+
WBGene00010236,V,10929811,10930774,+
WBGene00010237,V,10930778,10931289,-
WBGene00010238,V,10932647,10934245,+
WBGene00008923,V,10934228,10936920,-
WBGene00008922,V,10937633,10938849,-
WBGene00077761,V,10941450,10944302,+
WBGene00008914,V,10948212,10949129,+
WBGene00000726,V,10949857,10951821,+
WBGene00008915,V,10951818,10953472,+
WBGene00008916,V,10953501,10954434,-
WBGene00008917,V,10955091,10955952,+
WBGene00023503,V,10955923,10957020,+
WBGene00008918,V,10956910,10958821,-
WBGene00008919,V,10958928,10960919,-
WBGene00008921,V,10961722,10965562,-
WBGene00008920,V,10965675,10968070,+
WBGene00219325,V,10967919,10970281,-
WBGene00009968,V,10970399,10981213,-
WBGene00009965,V,10992099,10994817,+
WBGene00009969,V,10999102,10999642,+
WBGene00009966,V,10999658,11000713,-
WBGene00009967,V,11000957,11002534,-
WBGene00007553,V,11011589,11012465,-
WBGene00001991,V,11021069,11022884,-
WBGene00007554,V,11027153,11030845,-
WBGene00006443,V,11036462,11039425,-
WBGene00185117,V,11040320,11040666,+
WBGene00077699,V,11040773,11041371,+
WBGene00008106,V,11041824,11042301,+
WBGene00008105,V,11042817,11043855,+
WBGene00045379,V,11044067,11045734,+
WBGene00000981,V,11045696,11046899,-
WBGene00005295,V,11047227,11048744,-
WBGene00271444,V,11052457,11053107,+
WBGene00011429,V,11054127,11055142,+
WBGene00005296,V,11055306,11057143,-
WBGene00011427,V,11058649,11059264,-
WBGene00077693,V,11059520,11060289,-
WBGene00050889,V,11062439,11063245,-
WBGene00011428,V,11064954,11065634,-
WBGene00011430,V,11068069,11069358,-
WBGene00000065,V,11071690,11074498,-
WBGene00000064,V,11076723,11078168,-
WBGene00000063,V,11079167,11082497,+
WBGene00012776,V,11088154,11097970,+
WBGene00012777,V,11091016,11093619,-
WBGene00012778,V,11095446,11095973,-
WBGene00012779,V,11098950,11107288,+
WBGene00012780,V,11107535,11109747,-
WBGene00010405,V,11110063,11113103,-
WBGene00010406,V,11113914,11118818,+
WBGene00010407,V,11118721,11119730,-
WBGene00010408,V,11119813,11122579,-
WBGene00007385,V,11122820,11123867,-
WBGene00007390,V,11124303,11125053,+
WBGene00007386,V,11125222,11127306,+
WBGene00007387,V,11127497,11130085,+
WBGene00007389,V,11134609,11140323,+
WBGene00007388,V,11141498,11143121,+
WBGene00007391,V,11143062,11144758,-
WBGene00219420,V,11146907,11147008,-
WBGene00003771,V,11147336,11147737,+
WBGene00011838,V,11149705,11151309,+
WBGene00005196,V,11151339,11152430,-
WBGene00005195,V,11152575,11155653,-
WBGene00005199,V,11157090,11158706,-
WBGene00005198,V,11160452,11161891,-
WBGene00005197,V,11163036,11164575,-
WBGene00011839,V,11172215,11174452,+
WBGene00001663,V,11174567,11177559,-
WBGene00012152,V,11183224,11183643,+
WBGene00010741,V,11191283,11193638,+
WBGene00010742,V,11193733,11196010,-
WBGene00010743,V,11200665,11201392,+
WBGene00010744,V,11201905,11216774,+
WBGene00011830,V,11217583,11219902,+
WBGene00011831,V,11221302,11222834,+
WBGene00011832,V,11222772,11226018,-
WBGene00004152,V,11226314,11228703,-
WBGene00011833,V,11234650,11237428,+
WBGene00011834,V,11237438,11239331,-
WBGene00002072,V,11239675,11241780,+
WBGene00011835,V,11241879,11244726,+
WBGene00003509,V,11244839,11245927,+
WBGene00011836,V,11248146,11250866,+
WBGene00050898,V,11251035,11251211,+
WBGene00011837,V,11251415,11252529,-
WBGene00008552,V,11254013,11255080,-
WBGene00008551,V,11256521,11258996,-
WBGene00077514,V,11259312,11260722,-
WBGene00008550,V,11261264,11263116,-
WBGene00000539,V,11263523,11265711,-
WBGene00006167,V,11266981,11268323,+
WBGene00006166,V,11269091,11270426,+
WBGene00007283,V,11271351,11272467,+
WBGene00007282,V,11273148,11278161,+
WBGene00001645,V,11282572,11286039,+
WBGene00007281,V,11286602,11288412,+
WBGene00007279,V,11291188,11292569,+
WBGene00011403,V,11294693,11296562,+
WBGene00011402,V,11296696,11298732,-
WBGene00005270,V,11299373,11300639,-
WBGene00005269,V,11301607,11302886,-
WBGene00005268,V,11303651,11304979,-
WBGene00004910,V,11305070,11308446,-
WBGene00011404,V,11311456,11313445,+
WBGene00009830,V,11313400,11316901,-
WBGene00009831,V,11317214,11321786,-
WBGene00006189,V,11322322,11323820,-
WBGene00009829,V,11323965,11326964,-
WBGene00009833,V,11329400,11330775,+
WBGene00044203,V,11332987,11334293,-
WBGene00011383,V,11342233,11344773,+
WBGene00001716,V,11344831,11347012,-
WBGene00011381,V,11349310,11352993,-
WBGene00011382,V,11362453,11366221,-
WBGene00000554,V,11375742,11377990,+
WBGene00010109,V,11383105,11384353,+
WBGene00000727,V,11385360,11386529,+
WBGene00010108,V,11386698,11388678,+
WBGene00000728,V,11388852,11389876,-
WBGene00010526,V,11390273,11390494,-
WBGene00194783,V,11390516,11390925,+
WBGene00003535,V,11392320,11393508,+
WBGene00010523,V,11394786,11395124,-
WBGene00003537,V,11396434,11397717,+
WBGene00003536,V,11398916,11400528,+
WBGene00003538,V,11401195,11402690,-
WBGene00010524,V,11407523,11409543,+
WBGene00010525,V,11409467,11411019,-
WBGene00001712,V,11411511,11412769,+
WBGene00000951,V,11412870,11415159,-
WBGene00000955,V,11415342,11420293,-
WBGene00077782,V,11423579,11424475,-
WBGene00010191,V,11438770,11441618,+
WBGene00010192,V,11441925,11443603,-
WBGene00003248,V,11446633,11449245,+
WBGene00000729,V,11449223,11450357,-
WBGene00011709,V,11459580,11461547,+
WBGene00006486,V,11462999,11466770,+
WBGene00000007,V,11466844,11470663,-
WBGene00003539,V,11470868,11472349,-
WBGene00003540,V,11472561,11473973,+
WBGene00003541,V,11474699,11477951,+
WBGene00011710,V,11475912,11476906,+
WBGene00194784,V,11479706,11479951,+
WBGene00011715,V,11480697,11480834,-
WBGene00011714,V,11482357,11483017,-
WBGene00000730,V,11484032,11484998,+
WBGene00005227,V,11485858,11487266,+
WBGene00011712,V,11487152,11488275,+
WBGene00000982,V,11489050,11490328,-
WBGene00194712,V,11492756,11493413,+
WBGene00011713,V,11493556,11496379,-
WBGene00044019,V,11501444,11503127,-
WBGene00008330,V,11503811,11504884,-
WBGene00008339,V,11505352,11508271,+
WBGene00008331,V,11509068,11512318,+
WBGene00008332,V,11512313,11513436,-
WBGene00008335,V,11513665,11514737,-
WBGene00008334,V,11515084,11516191,-
WBGene00008333,V,11516445,11517889,-
WBGene00008336,V,11519335,11520530,-
WBGene00008340,V,11520515,11521554,+
WBGene00008338,V,11521653,11523384,+
WBGene00009532,V,11527831,11541219,+
WBGene00009533,V,11543857,11545290,+
WBGene00077536,V,11545536,11546376,+
WBGene00189933,V,11547095,11548156,+
WBGene00009534,V,11549107,11551560,+
WBGene00005976,V,11552679,11554222,+
WBGene00001110,V,11554635,11558127,+
WBGene00005977,V,11562943,11564508,+
WBGene00005978,V,11564873,11566771,+
WBGene00004064,V,11566804,11573091,-
WBGene00003691,V,11570400,11572370,+
WBGene00003658,V,11573440,11575709,+
WBGene00005981,V,11581126,11582458,+
WBGene00005979,V,11583512,11585115,+
WBGene00005980,V,11586259,11588133,+
WBGene00005973,V,11589733,11592931,+
WBGene00005971,V,11593727,11594971,+
WBGene00005975,V,11599107,11600628,+
WBGene00009388,V,11601119,11602358,+
WBGene00000983,V,11602294,11604563,-
WBGene00009383,V,11604482,11606524,-
WBGene00009384,V,11609096,11610149,-
WBGene00009385,V,11610708,11613054,+
WBGene00009386,V,11613307,11614888,+
WBGene00003762,V,11616283,11616829,+
WBGene00009387,V,11616812,11618266,-
WBGene00009389,V,11625954,11629322,-
WBGene00012100,V,11631434,11637291,-
WBGene00000249,V,11644760,11645370,+
WBGene00004806,V,11645481,11650090,+
WBGene00012101,V,11650079,11650774,-
WBGene00000449,V,11661670,11665085,-
WBGene00009791,V,11667476,11669390,+
WBGene00009790,V,11669348,11672594,-
WBGene00000146,V,11675942,11685268,+
WBGene00012281,V,11687426,11689174,+
WBGene00012280,V,11689413,11691691,-
WBGene00012282,V,11693188,11695697,-
WBGene00000453,V,11701764,11705400,-
WBGene00006609,V,11709775,11715903,-
WBGene00000907,V,11718089,11725652,-
WBGene00004359,V,11727900,11730160,-
WBGene00007118,V,11731120,11733472,-
WBGene00007117,V,11733733,11736968,-
WBGene00011436,V,11740065,11754109,+
WBGene00011437,V,11757668,11758598,+
WBGene00011438,V,11758935,11760570,+
WBGene00077538,V,11760671,11761894,+
WBGene00011439,V,11761893,11763152,-
WBGene00010075,V,11763140,11764382,-
WBGene00006373,V,11764904,11767222,+
WBGene00004768,V,11767328,11769899,+
WBGene00010077,V,11770456,11773495,+
WBGene00044631,V,11773720,11776631,+
WBGene00010079,V,11776838,11783422,+
WBGene00010082,V,11783340,11784616,+
WBGene00010080,V,11784573,11787443,-
WBGene00010081,V,11788157,11789121,+
WBGene00014300,V,11789550,11800544,+
WBGene00008407,V,11802105,11811943,-
WBGene00004258,V,11817783,11822529,-
WBGene00008408,V,11825033,11825762,-
WBGene00008409,V,11825897,11827067,-
WBGene00008410,V,11827306,11829370,+
WBGene00000731,V,11829582,11831220,+
WBGene00011261,V,11831203,11843625,-
WBGene00011262,V,11833629,11835708,+
WBGene00014826,V,11836320,11838020,+
WBGene00011266,V,11839520,11840302,+
WBGene00001978,V,11845877,11852165,+
WBGene00011263,V,11860675,11862289,+
WBGene00011264,V,11863117,11864913,+
WBGene00011265,V,11866438,11868234,-
WBGene00010788,V,11875360,11879141,+
WBGene00010789,V,11880068,11883160,+
WBGene00010790,V,11888236,11889634,+
WBGene00010791,V,11889719,11891194,-
WBGene00005967,V,11891812,11893451,+
WBGene00010792,V,11894331,11895808,+
WBGene00004855,V,11899072,11916623,+
WBGene00011270,V,11917564,11924654,+
WBGene00003886,V,11924632,11927406,-
WBGene00010284,V,11927661,11933246,-
WBGene00010285,V,11929073,11929993,+
WBGene00010286,V,11933881,11935052,+
WBGene00138720,V,11935148,11936528,+
WBGene00001466,V,11936505,11937794,-
WBGene00010289,V,11942625,11944656,+
WBGene00010288,V,11958393,11962699,+
WBGene00010290,V,11963007,11964821,-
WBGene00000781,V,11975515,11976756,+
WBGene00003235,V,11976777,11978459,-
WBGene00004917,V,11978518,11979970,-
WBGene00004501,V,11980502,11982450,-
WBGene00008258,V,11982901,11986115,-
WBGene00000876,V,11991011,11993767,-
WBGene00008259,V,11994295,11995858,+
WBGene00001553,V,11995868,12001965,-
WBGene00194785,V,11996180,11996556,+
WBGene00010204,V,12003028,12004600,+
WBGene00010205,V,12004616,12006605,-
WBGene00000073,V,12009537,12013605,-
WBGene00004032,V,12014385,12032131,-
WBGene00008644,V,12021164,12023600,+
WBGene00002241,V,12032257,12040873,-
WBGene00008645,V,12041556,12045347,+
WBGene00008646,V,12045432,12048631,+
WBGene00001095,V,12048745,12052182,+
WBGene00008647,V,12053952,12056320,+
WBGene00011087,V,12056575,12059747,-
WBGene00000533,V,12060234,12063368,-
WBGene00004138,V,12063432,12065391,-
WBGene00011088,V,12065960,12067957,-
WBGene00011089,V,12068725,12070519,-
WBGene00011090,V,12072862,12074986,-
WBGene00011093,V,12078044,12080374,-
WBGene00011092,V,12081089,12084316,-
WBGene00011094,V,12084186,12086460,+
WBGene00011095,V,12087234,12088931,+
WBGene00011096,V,12089073,12091812,+
WBGene00011097,V,12092006,12093862,+
WBGene00011099,V,12094374,12095947,+
WBGene00011098,V,12096234,12097845,+
WBGene00011100,V,12098149,12100111,+
WBGene00007547,V,12101293,12103286,+
WBGene00007546,V,12104273,12106507,+
WBGene00003726,V,12107142,12109201,+
WBGene00007548,V,12109168,12110978,-
WBGene00007549,V,12114993,12117443,+
WBGene00195250,V,12118018,12118987,+
WBGene00007551,V,12118828,12120814,-
WBGene00007550,V,12121587,12125096,+
WBGene00007757,V,12124850,12130788,-
WBGene00007753,V,12131442,12137395,+
WBGene00007755,V,12140876,12144259,+
WBGene00000490,V,12144295,12150689,-
WBGene00007758,V,12153076,12154264,+
WBGene00007759,V,12154263,12154654,-
WBGene00007756,V,12154875,12162299,-
WBGene00005592,V,12163206,12164535,+
WBGene00012147,V,12165212,12166662,+
WBGene00000614,V,12166706,12167753,-
WBGene00014122,V,12168222,12170208,-
WBGene00044790,V,12177088,12179438,-
WBGene00014123,V,12179503,12181410,-
WBGene00014124,V,12181501,12184194,-
WBGene00005082,V,12184949,12186245,+
WBGene00014125,V,12186335,12187496,-
WBGene00001088,V,12191519,12192211,+
WBGene00004384,V,12192273,12194445,+
WBGene00014098,V,12194457,12205494,+
WBGene00014099,V,12194565,12195944,-
WBGene00003057,V,12197437,12198645,-
WBGene00006874,V,12213327,12225935,+
WBGene00003515,V,12226816,12234343,-
WBGene00011450,V,12241409,12241945,+
WBGene00011449,V,12241962,12245059,-
WBGene00004296,V,12245594,12251246,+
WBGene00011451,V,12251341,12252407,+
WBGene00003075,V,12252623,12255450,+
WBGene00011452,V,12255547,12258804,+
WBGene00011453,V,12258982,12261205,+
WBGene00006539,V,12261804,12263368,+
WBGene00010091,V,12263369,12263896,-
WBGene00006677,V,12265707,12269549,-
WBGene00010094,V,12270271,12271551,-
WBGene00010093,V,12271873,12275676,+
WBGene00044791,V,12275625,12277046,-
WBGene00010098,V,12283487,12283999,+
WBGene00010096,V,12284060,12288615,-
WBGene00010097,V,12288922,12291658,-
WBGene00005241,V,12292214,12293802,+
WBGene00001493,V,12302484,12306978,+
WBGene00005202,V,12307490,12308658,+
WBGene00011014,V,12308849,12310342,-
WBGene00011016,V,12314919,12317180,-
WBGene00011017,V,12317278,12318019,-
WBGene00011015,V,12318385,12320229,+
WBGene00006668,V,12320187,12337744,-
WBGene00009092,V,12342314,12343469,-
WBGene00004898,V,12344188,12345919,-
WBGene00009093,V,12345935,12350451,+
WBGene00005018,V,12352994,12354314,+
WBGene00009094,V,12358647,12363691,+
WBGene00009096,V,12361301,12361839,-
WBGene00001539,V,12363754,12369537,-
WBGene00009097,V,12365348,12365866,+
WBGene00009095,V,12371730,12372870,+
WBGene00044218,V,12373663,12374231,-
WBGene00010461,V,12377556,12378832,+
WBGene00010474,V,12386286,12386765,+
WBGene00006669,V,12387041,12395706,-
WBGene00010464,V,12397845,12398783,+
WBGene00010465,V,12398759,12400859,-
WBGene00010466,V,12401151,12401894,-
WBGene00010467,V,12402655,12403234,+
WBGene00010468,V,12403942,12404651,-
WBGene00010469,V,12406229,12407017,+
WBGene00010470,V,12407428,12408592,-
WBGene00010473,V,12409369,12410513,-
WBGene00010472,V,12410879,12412091,-
WBGene00010471,V,12412506,12413698,-
WBGene00008296,V,12414640,12415709,-
WBGene00008297,V,12416358,12417377,-
WBGene00008298,V,12418592,12419428,+
WBGene00008299,V,12419492,12420944,-
WBGene00008300,V,12429357,12431196,+
WBGene00045400,V,12431368,12432289,-
WBGene00005249,V,12432365,12433817,-
WBGene00138721,V,12437499,12441266,-
WBGene00008301,V,12441806,12443835,-
WBGene00008302,V,12445184,12446956,-
WBGene00008303,V,12447499,12448661,+
WBGene00008304,V,12448685,12450002,-
WBGene00009200,V,12450807,12453336,+
WBGene00001179,V,12453955,12463008,-
WBGene00009201,V,12468683,12473533,+
WBGene00000228,V,12478413,12484442,+
WBGene00012242,V,12484885,12486068,+
WBGene00002133,V,12487266,12493264,+
WBGene00012244,V,12493239,12494622,-
WBGene00012243,V,12494728,12497755,-
WBGene00012245,V,12498213,12503738,+
WBGene00012142,V,12503801,12505146,+
WBGene00012145,V,12505244,12506260,-
WBGene00012143,V,12510645,12512201,-
WBGene00012144,V,12512986,12514941,+
WBGene00000285,V,12514875,12517205,-
WBGene00007552,V,12523647,12525656,-
WBGene00009721,V,12527058,12528023,+
WBGene00009722,V,12541040,12542973,+
WBGene00009723,V,12549216,12550385,-
WBGene00009724,V,12552211,12553301,-
WBGene00004759,V,12560710,12563383,+
WBGene00008452,V,12563487,12565785,+
WBGene00008454,V,12566016,12567951,-
WBGene00001732,V,12575308,12576895,-
WBGene00138718,V,12579674,12582202,+
WBGene00008453,V,12583726,12587991,+
WBGene00007584,V,12588309,12589644,+
WBGene00007590,V,12589633,12590717,-
WBGene00007585,V,12590979,12592477,-
WBGene00007587,V,12592568,12596296,-
WBGene00007586,V,12596393,12599151,-
WBGene00007588,V,12600192,12607304,+
WBGene00007589,V,12607413,12608107,+
WBGene00119204,V,12608093,12608974,-
WBGene00013853,V,12609826,12610857,+
WBGene00013855,V,12611329,12628738,+
WBGene00013854,V,12611682,12612260,-
WBGene00206460,V,12624158,12624463,-
WBGene00044198,V,12628957,12629905,-
WBGene00006004,V,12630170,12632148,-
WBGene00010174,V,12637663,12638237,+
WBGene00001670,V,12638852,12640470,-
WBGene00189948,V,12644800,12646632,+
WBGene00001671,V,12646827,12649313,-
WBGene00003011,V,12649858,12658718,+
WBGene00195166,V,12656874,12658179,-
WBGene00012277,V,12658668,12659687,-
WBGene00012276,V,12659704,12660330,-
WBGene00012278,V,12661304,12661659,-
WBGene00012279,V,12668226,12669689,+
WBGene00006007,V,12670907,12672726,+
WBGene00010735,V,12680107,12692364,+
WBGene00010734,V,12692486,12695255,-
WBGene00010737,V,12696225,12696877,+
WBGene00010736,V,12697794,12704273,+
WBGene00011242,V,12704382,12707761,+
WBGene00011243,V,12708678,12710700,+
WBGene00011244,V,12711293,12712109,-
WBGene00011245,V,12713035,12714220,-
WBGene00006222,V,12714503,12716549,-
WBGene00006225,V,12716616,12718722,-
WBGene00011246,V,12720058,12722727,+
WBGene00045336,V,12724562,12725993,-
WBGene00045517,V,12727171,12727621,+
WBGene00004442,V,12727593,12728112,-
WBGene00011247,V,12728631,12729416,+
WBGene00011248,V,12729520,12731801,+
WBGene00000984,V,12731772,12733645,-
WBGene00007604,V,12734183,12736041,+
WBGene00000521,V,12736703,12741211,+
WBGene00007605,V,12742041,12744207,+
WBGene00007609,V,12744165,12745050,-
WBGene00007606,V,12745201,12747463,-
WBGene00007607,V,12748292,12749963,+
WBGene00007608,V,12750030,12751545,-
WBGene00045460,V,12751603,12752507,-
WBGene00001675,V,12752762,12754893,-
WBGene00008936,V,12757591,12760227,-
WBGene00219330,V,12760348,12760969,-
WBGene00006512,V,12761044,12763375,-
WBGene00004738,V,12763945,12767933,+
WBGene00008937,V,12769268,12770845,+
WBGene00013902,V,12773522,12783063,+
WBGene00013907,V,12783222,12784864,-
WBGene00001429,V,12785154,12787126,-
WBGene00013909,V,12787269,12788551,-
WBGene00013908,V,12789197,12790518,-
WBGene00013906,V,12790698,12792965,-
WBGene00013905,V,12793020,12795336,-
WBGene00013904,V,12795484,12798154,-
WBGene00013903,V,12798327,12800193,-
WBGene00013910,V,12803574,12804550,+
WBGene00077562,V,12806490,12808277,+
WBGene00013896,V,12808422,12810080,-
WBGene00013897,V,12810289,12811158,-
WBGene00013898,V,12812258,12814122,-
WBGene00013899,V,12816912,12819545,-
WBGene00013900,V,12820265,12822758,+
WBGene00013901,V,12825024,12827432,+
WBGene00008097,V,12827770,12830109,+
WBGene00008099,V,12835708,12839783,+
WBGene00008101,V,12842494,12845330,-
WBGene00008100,V,12846721,12849864,-
WBGene00008102,V,12853015,12854839,-
WBGene00011587,V,12859381,12863833,+
WBGene00011592,V,12863786,12867917,-
WBGene00011591,V,12865915,12866547,+
WBGene00011589,V,12868026,12870035,-
WBGene00011590,V,12872053,12882108,+
WBGene00011287,V,12882078,12885960,-
WBGene00011283,V,12891523,12895872,-
WBGene00011284,V,12903551,12904160,-
WBGene00011285,V,12904213,12905168,-
WBGene00011286,V,12906131,12906746,-
WBGene00003738,V,12910113,12917198,+
WBGene00010062,V,12919952,12921692,+
WBGene00010063,V,12922608,12924156,+
WBGene00004150,V,12924441,12928173,+
WBGene00011796,V,12929478,12932966,+
WBGene00011801,V,12932941,12935112,-
WBGene00011800,V,12935538,12937263,-
WBGene00011799,V,12937654,12939506,-
WBGene00011798,V,12940038,12941847,-
WBGene00011797,V,12942365,12944329,-
WBGene00001711,V,12944861,12946853,+
WBGene00011802,V,12946815,12950658,-
WBGene00194787,V,12949907,12950246,+
WBGene00219337,V,12951337,12952023,+
WBGene00004151,V,12952636,12953208,+
WBGene00001233,V,12954002,12955229,+
WBGene00011307,V,12955203,12961149,-
WBGene00011305,V,12961474,12963336,-
WBGene00005113,V,12964376,12966022,+
WBGene00011306,V,12966000,12967210,-
WBGene00011309,V,12967309,12967982,-
WBGene00003031,V,12968855,12970730,+
WBGene00011308,V,12971110,12973282,+
WBGene00004793,V,12973261,12976704,-
WBGene00008851,V,12988543,12992185,+
WBGene00138724,V,12992654,12992977,-
WBGene00001109,V,12993180,12994822,+
WBGene00001389,V,12995569,12996836,+
WBGene00001387,V,12996787,12997524,-
WBGene00001388,V,12998427,12999659,-
WBGene00008848,V,13002317,13006987,+
WBGene00045418,V,13006981,13008925,-
WBGene00008849,V,13010282,13013286,-
WBGene00008850,V,13014144,13016641,+
WBGene00001475,V,13019068,13033373,+
WBGene00012335,V,13033529,13034164,+
WBGene00077565,V,13034267,13034704,-
WBGene00012336,V,13034895,13036581,-
WBGene00012337,V,13036996,13041879,-
WBGene00002250,V,13043712,13046355,+
WBGene00012339,V,13047980,13049238,+
WBGene00077788,V,13049244,13049453,-
WBGene00005652,V,13049730,13053910,-
WBGene00009630,V,13062429,13063617,+
WBGene00007908,V,13066640,13071152,-
WBGene00007907,V,13083055,13090260,+
WBGene00007909,V,13089803,13092512,+
WBGene00077698,V,13092666,13094446,+
WBGene00007910,V,13095954,13097457,+
WBGene00003143,V,13098910,13110337,-
WBGene00007150,V,13116488,13120167,+
WBGene00001137,V,13126414,13129995,-
WBGene00219208,V,13131873,13133565,-
WBGene00007152,V,13133750,13134886,-
WBGene00007153,V,13134965,13138101,-
WBGene00007154,V,13138981,13152466,+
WBGene00011647,V,13152894,13176111,+
WBGene00001874,V,13176711,13180189,+
WBGene00011648,V,13180330,13181534,+
WBGene00011649,V,13181580,13184237,-
WBGene00005518,V,13185684,13187428,+
WBGene00044199,V,13188025,13189406,-
WBGene00006311,V,13191707,13193538,-
WBGene00010187,V,13193933,13195648,-
WBGene00045488,V,13196088,13197923,-
WBGene00000732,V,13198230,13199315,-
WBGene00000733,V,13200982,13202192,-
WBGene00010188,V,13207763,13208762,+
WBGene00010189,V,13209645,13213462,+
WBGene00007929,V,13222620,13225941,-
WBGene00007930,V,13236171,13236604,-
WBGene00003850,V,13246591,13249536,-
WBGene00007931,V,13257097,13259311,-
WBGene00007932,V,13264546,13269820,+
WBGene00009337,V,13273153,13295978,-
WBGene00235322,V,13276259,13276360,+
WBGene00007747,V,13297520,13298050,+
WBGene00007749,V,13301652,13304785,+
WBGene00007748,V,13305138,13307271,+
WBGene00008217,V,13308916,13309423,+
WBGene00008218,V,13310186,13312260,-
WBGene00008219,V,13313575,13315812,+
WBGene00000734,V,13317028,13318011,-
WBGene00005243,V,13318464,13320080,+
WBGene00005240,V,13320984,13322355,+
WBGene00008220,V,13322369,13324979,-
WBGene00006102,V,13327763,13328866,+
WBGene00003719,V,13329193,13331019,-
WBGene00008221,V,13331117,13333871,-
WBGene00008222,V,13336369,13337957,+
WBGene00006072,V,13337991,13339718,-
WBGene00008223,V,13340240,13343040,+
WBGene00006693,V,13346278,13356101,+
WBGene00009347,V,13356101,13358079,-
WBGene00009349,V,13359334,13360024,+
WBGene00009350,V,13361203,13363357,+
WBGene00005203,V,13363715,13364728,+
WBGene00006016,V,13367252,13369990,+
WBGene00010867,V,13370083,13380262,-
WBGene00000789,V,13381189,13383077,+
WBGene00001554,V,13383019,13385898,-
WBGene00010868,V,13386065,13391393,-
WBGene00009979,V,13404031,13406014,-
WBGene00009980,V,13406816,13408265,+
WBGene00009981,V,13408242,13409832,+
WBGene00009982,V,13411077,13411717,+
WBGene00009983,V,13414902,13416121,+
WBGene00009984,V,13416103,13417604,-
WBGene00005719,V,13419217,13420740,-
WBGene00005720,V,13421140,13423147,-
WBGene00005721,V,13423908,13425266,+
WBGene00005096,V,13425572,13426882,-
WBGene00005097,V,13427607,13428760,-
WBGene00005095,V,13430651,13432714,-
WBGene00003222,V,13433050,13437545,-
WBGene00000735,V,13441967,13443402,+
WBGene00086568,V,13443835,13445055,+
WBGene00012381,V,13445745,13448815,+
WBGene00009134,V,13453634,13455447,+
WBGene00009136,V,13455748,13457506,+
WBGene00009135,V,13458083,13459504,+
WBGene00009137,V,13459525,13461803,+
WBGene00001496,V,13463128,13467131,+
WBGene00009138,V,13466924,13468361,-
WBGene00009139,V,13468376,13469087,+
WBGene00011692,V,13469066,13473679,-
WBGene00045340,V,13474228,13476382,-
WBGene00011693,V,13477384,13479858,-
WBGene00011695,V,13482075,13484435,-
WBGene00011694,V,13487026,13489626,-
WBGene00011696,V,13491068,13497372,-
WBGene00001808,V,13497690,13498819,+
WBGene00000233,V,13498786,13511718,-
WBGene00050968,V,13506621,13506785,+
WBGene00011249,V,13511905,13515215,-
WBGene00044045,V,13523530,13529658,+
WBGene00008341,V,13529562,13530744,-
WBGene00008342,V,13531743,13536105,-
WBGene00008343,V,13550520,13551810,-
WBGene00008344,V,13551911,13553373,+
WBGene00008345,V,13553374,13556408,-
WBGene00000302,V,13557104,13559922,+
WBGene00008346,V,13560278,13561992,+
WBGene00001726,V,13562105,13563913,-
WBGene00008224,V,13565863,13566968,+
WBGene00008225,V,13566931,13568657,-
WBGene00000250,V,13568850,13570030,+
WBGene00008226,V,13572037,13573423,+
WBGene00008228,V,13578972,13580807,+
WBGene00008227,V,13580993,13584643,+
WBGene00009985,V,13584903,13585369,+
WBGene00045195,V,13588206,13588479,+
WBGene00009986,V,13588612,13589585,-
WBGene00077569,V,13590111,13590793,+
WBGene00009987,V,13592124,13593183,+
WBGene00009988,V,13593383,13598269,+
WBGene00004328,V,13598331,13600982,-
WBGene00001479,V,13603276,13606701,-
WBGene00009995,V,13611337,13611888,-
WBGene00009990,V,13612439,13613979,-
WBGene00005089,V,13617851,13619686,-
WBGene00009997,V,13620976,13621459,+
WBGene00023419,V,13621371,13621820,-
WBGene00009993,V,13622107,13624525,-
WBGene00009992,V,13624625,13625567,-
WBGene00009994,V,13626031,13627482,+
WBGene00009996,V,13627573,13629831,+
WBGene00010426,V,13629798,13634220,-
WBGene00044200,V,13646884,13648397,-
WBGene00010425,V,13650262,13654129,-
WBGene00010279,V,13661261,13664233,+
WBGene00010280,V,13665397,13669292,+
WBGene00010281,V,13669353,13671958,-
WBGene00010282,V,13672597,13676024,+
WBGene00006442,V,13675988,13678598,-
WBGene00010283,V,13678875,13681539,+
WBGene00011326,V,13689892,13703330,+
WBGene00011328,V,13704929,13711085,+
WBGene00011327,V,13705975,13707360,-
WBGene00005987,V,13711360,13713019,+
WBGene00011329,V,13712854,13716624,-
WBGene00011330,V,13716824,13720402,+
WBGene00009426,V,13722254,13724881,-
WBGene00009427,V,13725905,13727014,+
WBGene00009431,V,13727763,13730776,-
WBGene00009430,V,13734118,13736247,-
WBGene00009429,V,13737007,13738474,-
WBGene00009433,V,13741321,13745127,-
WBGene00009434,V,13745696,13748758,-
WBGene00009432,V,13749181,13751972,-
WBGene00008985,V,13752267,13753580,-
WBGene00008986,V,13755011,13756409,-
WBGene00008989,V,13763077,13765980,+
WBGene00008987,V,13765926,13768552,-
WBGene00003543,V,13769669,13771279,+
WBGene00008988,V,13771508,13773695,+
WBGene00009971,V,13775751,13777767,+
WBGene00044921,V,13778015,13778592,+
WBGene00009973,V,13782399,13784102,+
WBGene00009974,V,13784095,13787712,-
WBGene00009975,V,13787536,13796254,+
WBGene00006684,V,13796641,13800577,+
WBGene00009976,V,13800976,13804282,-
WBGene00009977,V,13804395,13807237,-
WBGene00000447,V,13813309,13815272,+
WBGene00010088,V,13815374,13816977,-
WBGene00004767,V,13818132,13822980,+
WBGene00010089,V,13823052,13825222,+
WBGene00003812,V,13828208,13831040,+
WBGene00006210,V,13831113,13832905,+
WBGene00006020,V,13834251,13836581,+
WBGene00006019,V,13837473,13838682,+
WBGene00077439,V,13839769,13840281,+
WBGene00005908,V,13840741,13842187,+
WBGene00006021,V,13843447,13844962,+
WBGene00006022,V,13845436,13846727,+
WBGene00006024,V,13848679,13849969,+
WBGene00008627,V,13850470,13853199,+
WBGene00008628,V,13853834,13855260,-
WBGene00006025,V,13854878,13856476,-
WBGene00006027,V,13857448,13858942,+
WBGene00006026,V,13859301,13861321,+
WBGene00006028,V,13862805,13864110,+
WBGene00008630,V,13866706,13868473,+
WBGene00008629,V,13873153,13875891,+
WBGene00011929,V,13876837,13877949,+
WBGene00002259,V,13879552,13880213,+
WBGene00011930,V,13880908,13883937,+
WBGene00011931,V,13887658,13889458,+
WBGene00004997,V,13889918,13890295,+
WBGene00002260,V,13890679,13891364,+
WBGene00011932,V,13893325,13896405,+
WBGene00007362,V,13896663,13898488,-
WBGene00007361,V,13899513,13902653,+
WBGene00007360,V,13902795,13903886,+
WBGene00007364,V,13904611,13905996,+
WBGene00007363,V,13906492,13908135,+
WBGene00007365,V,13908133,13909513,-
WBGene00007366,V,13909686,13911524,+
WBGene00001552,V,13912080,13915436,-
WBGene00006278,V,13916496,13918051,+
WBGene00006277,V,13918641,13920032,+
WBGene00005933,V,13921030,13922404,+
WBGene00044114,V,13924151,13925807,+
WBGene00044115,V,13926698,13929320,+
WBGene00044116,V,13929803,13931252,+
WBGene00189947,V,13931525,13932198,+
WBGene00011185,V,13932575,13934645,-
WBGene00011197,V,13937223,13939602,+
WBGene00001062,V,13940139,13942182,-
WBGene00005901,V,13945248,13946485,-
WBGene00011186,V,13946969,13948799,+
WBGene00011187,V,13949319,13949640,+
WBGene00011188,V,13950066,13950394,+
WBGene00011189,V,13950733,13953291,-
WBGene00011190,V,13954277,13956176,+
WBGene00011191,V,13956161,13958347,-
WBGene00011192,V,13958746,13961016,-
WBGene00011193,V,13961265,13961977,-
WBGene00011194,V,13962417,13963840,+
WBGene00011195,V,13963734,13965797,+
WBGene00011196,V,13967866,13974887,-
WBGene00012057,V,13974563,13976550,+
WBGene00045401,V,13979571,13980907,-
WBGene00001310,V,13985137,13987072,+
WBGene00010259,V,13987166,14006079,-
WBGene00010262,V,13992660,13993476,+
WBGene00010260,V,14008768,14012218,-
WBGene00000097,V,14012333,14013644,+
WBGene00001311,V,14014701,14015850,+
WBGene00010261,V,14015978,14017576,-
WBGene00003474,V,14018270,14018673,-
WBGene00011622,V,14018766,14020332,+
WBGene00077573,V,14022282,14023174,-
WBGene00011623,V,14024838,14025656,-
WBGene00011624,V,14026336,14027484,-
WBGene00002093,V,14033950,14034393,+
WBGene00011625,V,14034323,14038372,-
WBGene00011626,V,14044374,14045217,+
WBGene00011628,V,14045446,14046321,-
WBGene00011627,V,14047838,14048588,+
WBGene00050929,V,14048817,14049660,-
WBGene00010249,V,14049574,14054663,+
WBGene00010250,V,14057840,14064529,+
WBGene00045355,V,14067819,14071215,+
WBGene00044081,V,14074456,14076725,+
WBGene00008393,V,14079801,14081766,+
WBGene00044080,V,14082753,14083584,+
WBGene00008394,V,14084270,14085811,+
WBGene00045405,V,14085889,14087169,+
WBGene00045406,V,14088351,14088704,+
WBGene00008392,V,14088893,14090359,-
WBGene00001864,V,14090719,14092435,+
WBGene00008390,V,14092792,14093986,+
WBGene00008395,V,14094105,14097088,+
WBGene00008389,V,14097038,14098668,-
WBGene00008388,V,14098858,14100390,+
WBGene00044082,V,14101186,14102821,+
WBGene00008396,V,14104270,14106416,+
WBGene00044201,V,14107811,14110151,+
WBGene00010432,V,14110361,14112027,+
WBGene00003916,V,14112039,14141119,-
WBGene00007085,V,14137348,14137640,-
WBGene00007084,V,14144030,14145411,-
WBGene00007082,V,14146499,14148784,+
WBGene00007083,V,14156831,14157622,+
WBGene00011364,V,14157663,14160862,-
WBGene00005104,V,14161551,14162841,-
WBGene00011362,V,14163260,14166730,-
WBGene00011363,V,14167228,14167729,-
WBGene00013875,V,14168362,14171481,-
WBGene00013874,V,14171645,14175355,-
WBGene00013873,V,14175517,14182960,-
WBGene00013876,V,14178079,14179628,+
WBGene00013879,V,14180247,14181535,+
WBGene00006613,V,14183124,14185667,-
WBGene00013877,V,14185691,14192156,+
WBGene00013878,V,14193685,14197695,+
WBGene00011793,V,14205776,14209010,+
WBGene00006261,V,14209170,14210873,-
WBGene00011795,V,14213552,14215100,-
WBGene00011794,V,14215343,14220730,-
WBGene00050975,V,14225397,14226414,-
WBGene00010510,V,14232281,14236076,-
WBGene00044109,V,14239942,14241151,-
WBGene00010511,V,14244204,14246104,+
WBGene00010512,V,14246276,14246909,-
WBGene00010513,V,14247476,14248137,-
WBGene00010518,V,14248788,14250523,+
WBGene00010515,V,14250627,14251510,+
WBGene00010514,V,14252361,14253273,+
WBGene00010516,V,14253488,14254321,-
WBGene00009596,V,14257107,14259231,+
WBGene00009597,V,14259544,14260931,-
WBGene00009599,V,14267761,14268639,-
WBGene00009600,V,14269182,14270636,-
WBGene00009601,V,14271143,14273047,-
WBGene00009602,V,14275669,14276343,+
WBGene00009603,V,14278312,14279877,-
WBGene00044002,V,14281120,14282322,-
WBGene00009604,V,14282482,14282997,+
WBGene00009605,V,14283528,14285327,+
WBGene00009606,V,14286171,14288056,+
WBGene00008788,V,14288733,14289718,-
WBGene00206501,V,14289833,14290736,-
WBGene00008789,V,14291910,14293712,-
WBGene00008796,V,14294696,14295550,+
WBGene00008790,V,14296799,14297224,+
WBGene00008792,V,14299180,14299642,-
WBGene00045331,V,14300014,14300561,+
WBGene00008793,V,14301413,14306444,+
WBGene00008794,V,14306475,14306871,-
WBGene00008797,V,14308464,14308856,+
WBGene00045490,V,14309932,14310318,+
WBGene00008798,V,14310389,14311236,-
WBGene00008795,V,14311882,14312788,-
WBGene00009802,V,14313759,14314333,-
WBGene00009803,V,14315859,14316625,-
WBGene00044193,V,14318961,14319731,-
WBGene00044194,V,14320546,14321313,+
WBGene00009804,V,14321371,14323003,-
WBGene00009805,V,14323607,14324631,-
WBGene00219324,V,14324823,14325539,-
WBGene00009806,V,14325787,14327876,-
WBGene00009807,V,14329069,14330080,+
WBGene00009809,V,14331674,14332667,+
WBGene00009808,V,14333416,14334803,+
WBGene00044112,V,14335201,14336712,+
WBGene00009810,V,14337049,14338808,+
WBGene00009811,V,14343068,14346964,+
WBGene00013024,V,14347731,14350776,+
WBGene00013025,V,14351207,14354421,+
WBGene00013026,V,14354410,14355754,+
WBGene00000877,V,14356076,14356823,+
WBGene00013027,V,14356900,14358390,-
WBGene00006775,V,14373389,14375799,+
WBGene00010143,V,14376099,14379066,-
WBGene00007618,V,14392240,14392772,+
WBGene00007613,V,14393804,14394463,+
WBGene00077576,V,14395070,14395749,+
WBGene00007614,V,14409078,14411986,+
WBGene00003834,V,14412400,14415792,-
WBGene00007619,V,14415814,14416176,+
WBGene00003835,V,14416067,14417835,-
WBGene00007615,V,14417903,14420096,+
WBGene00000985,V,14420071,14421450,-
WBGene00003922,V,14421566,14422618,-
WBGene00007616,V,14422720,14423383,-
WBGene00007617,V,14423776,14425008,-
WBGene00009079,V,14429165,14430500,+
WBGene00001170,V,14431310,14432359,-
WBGene00009081,V,14441057,14445346,+
WBGene00009082,V,14445324,14447608,-
WBGene00006465,V,14447629,14449587,+
WBGene00009084,V,14449697,14452971,+
WBGene00000257,V,14453305,14456998,-
WBGene00000592,V,14457475,14460136,+
WBGene00008590,V,14460624,14461132,+
WBGene00008591,V,14461943,14462809,-
WBGene00008592,V,14463588,14464428,-
WBGene00023515,V,14465095,14468246,-
WBGene00008594,V,14469191,14472448,+
WBGene00008593,V,14472529,14474374,+
WBGene00008595,V,14474399,14476794,+
WBGene00008596,V,14476903,14479003,+
WBGene00008597,V,14479284,14482195,+
WBGene00010980,V,14480387,14481357,-
WBGene00194788,V,14482287,14482836,+
WBGene00010977,V,14483160,14484346,+
WBGene00010978,V,14484332,14484682,-
WBGene00235335,V,14501340,14501435,+
WBGene00010976,V,14508249,14509655,+
WBGene00077577,V,14509738,14511123,-
WBGene00010979,V,14511706,14518086,-
WBGene00050937,V,14518351,14519368,-
WBGene00194707,V,14519371,14521100,-
WBGene00194706,V,14521205,14522614,-
WBGene00008263,V,14522810,14523177,-
WBGene00008262,V,14523329,14524129,-
WBGene00001834,V,14525389,14527411,+
WBGene00008265,V,14531115,14542893,+
WBGene00007049,V,14534446,14536309,-
WBGene00008266,V,14543588,14545866,-
WBGene00008270,V,14546873,14554546,+
WBGene00005204,V,14554980,14556287,-
WBGene00008267,V,14557038,14558866,-
WBGene00008268,V,14559612,14561293,+
WBGene00008269,V,14562565,14564639,+
WBGene00001519,V,14564752,14579719,-
WBGene00012741,V,14583306,14585451,-
WBGene00003982,V,14595268,14597067,-
WBGene00011250,V,14597939,14600092,+
WBGene00011251,V,14600272,14606535,+
WBGene00011252,V,14609943,14610705,+
WBGene00011253,V,14610734,14612222,-
WBGene00009650,V,14612432,14613706,+
WBGene00001986,V,14621135,14629384,+
WBGene00044191,V,14629377,14635180,-
WBGene00009652,V,14631891,14633106,+
WBGene00008319,V,14641101,14641382,+
WBGene00004337,V,14642739,14645979,-
WBGene00004060,V,14646739,14653464,+
WBGene00008320,V,14653491,14658174,-
WBGene00005242,V,14661305,14662928,+
WBGene00008146,V,14663306,14665927,+
WBGene00008141,V,14666005,14667158,+
WBGene00008142,V,14680314,14683751,+
WBGene00008143,V,14683706,14685528,-
WBGene00000915,V,14684918,14688543,+
WBGene00044180,V,14688616,14688959,+
WBGene00008144,V,14689154,14691861,+
WBGene00006836,V,14691854,14697107,-
WBGene00008145,V,14698957,14707601,+
WBGene00219318,V,14708258,14708639,+
WBGene00011134,V,14711313,14711736,+
WBGene00011136,V,14712663,14714072,+
WBGene00011133,V,14714207,14715720,-
WBGene00011135,V,14716499,14717425,+
WBGene00011132,V,14718601,14719591,-
WBGene00011137,V,14723324,14724766,+
WBGene00013046,V,14726907,14727328,+
WBGene00013047,V,14728441,14728854,-
WBGene00003861,V,14729643,14731129,+
WBGene00006795,V,14731095,14734237,-
WBGene00013048,V,14734660,14736169,-
WBGene00013049,V,14738542,14741326,-
WBGene00013050,V,14745684,14748708,-
WBGene00044275,V,14750353,14750457,-
WBGene00001817,V,14773258,14777697,+
WBGene00013052,V,14778336,14779714,-
WBGene00013053,V,14779996,14781078,+
WBGene00013054,V,14781493,14782209,+
WBGene00013055,V,14782658,14784065,-
WBGene00008183,V,14784167,14815659,-
WBGene00012291,V,14821853,14824453,+
WBGene00012293,V,14824664,14829533,+
WBGene00012294,V,14826866,14827098,-
WBGene00004336,V,14829177,14847413,-
WBGene00013883,V,14852826,14858596,-
WBGene00001540,V,14863168,14867992,-
WBGene00013884,V,14868645,14871547,-
WBGene00013886,V,14874198,14875470,-
WBGene00050943,V,14875945,14876824,-
WBGene00013887,V,14878324,14878502,+
WBGene00013889,V,14879529,14879780,-
WBGene00013888,V,14880435,14880539,-
WBGene00013890,V,14881317,14882109,-
WBGene00044274,V,14883039,14883143,-
WBGene00044272,V,14884585,14884880,+
WBGene00010379,V,14885897,14886148,-
WBGene00010377,V,14886803,14886907,-
WBGene00010378,V,14887685,14888477,-
WBGene00044273,V,14889407,14889511,-
WBGene00044271,V,14891082,14891186,+
WBGene00010380,V,14891450,14893435,-
WBGene00010381,V,14894053,14894798,+
WBGene00010383,V,14895647,14899013,+
WBGene00010382,V,14897340,14897831,-
WBGene00010386,V,14899791,14911929,+
WBGene00010385,V,14901567,14909478,-
WBGene00010387,V,14915906,14917682,+
WBGene00012364,V,14917735,14921609,-
WBGene00005211,V,14921988,14924204,-
WBGene00005212,V,14926710,14928342,-
WBGene00044176,V,14936898,14939367,+
WBGene00044177,V,14942137,14945704,-
WBGene00044178,V,14946622,14947229,-
WBGene00001852,V,14949777,14952796,+
WBGene00044179,V,14953115,14954733,-
WBGene00206370,V,14955021,14955774,-
WBGene00008522,V,14971436,14972419,+
WBGene00008520,V,14972907,14978779,-
WBGene00001701,V,14978505,14980159,+
WBGene00006960,V,14980354,14982626,+
WBGene00008521,V,14984893,14987571,+
WBGene00011318,V,14987556,14991024,-
WBGene00011319,V,14991168,14991649,+
WBGene00011320,V,14991707,14992677,-
WBGene00011321,V,14993838,14995201,+
WBGene00011322,V,14996536,14998121,+
WBGene00011325,V,14998991,15000029,+
WBGene00004485,V,15000011,15000594,-
WBGene00001423,V,15000653,15002273,-
WBGene00011323,V,15002543,15005055,+
WBGene00011324,V,15005100,15006400,+
WBGene00003775,V,15006412,15011660,-
WBGene00008832,V,15011870,15014222,-
WBGene00008833,V,15019224,15020325,-
WBGene00008835,V,15021032,15022049,+
WBGene00008834,V,15023844,15025150,+
WBGene00000562,V,15025740,15031473,-
WBGene00077582,V,15029469,15030183,+
WBGene00007714,V,15036237,15036869,-
WBGene00004747,V,15039152,15048207,-
WBGene00007716,V,15051011,15052530,-
WBGene00007717,V,15053765,15056280,+
WBGene00050940,V,15056289,15056744,+
WBGene00003155,V,15056719,15059599,-
WBGene00007722,V,15060249,15061530,+
WBGene00004308,V,15061488,15064087,-
WBGene00007719,V,15065135,15065317,+
WBGene00007718,V,15066298,15067464,+
WBGene00007720,V,15067465,15068581,+
WBGene00001021,V,15068678,15069504,+
WBGene00006808,V,15071748,15080152,+
WBGene00007237,V,15080134,15082533,-
WBGene00007236,V,15082530,15084139,+
WBGene00007235,V,15084059,15085382,-
WBGene00007234,V,15085747,15087064,+
WBGene00007240,V,15086913,15087326,-
WBGene00007233,V,15087656,15088336,+
WBGene00077583,V,15088427,15088699,-
WBGene00007232,V,15089077,15089538,-
WBGene00007231,V,15089740,15090021,+
WBGene00044658,V,15090757,15091062,+
WBGene00007241,V,15092966,15094338,+
WBGene00005969,V,15095049,15097452,+
WBGene00007230,V,15099747,15104389,+
WBGene00007239,V,15105327,15105943,-
WBGene00013566,V,15109577,15110345,+
WBGene00011342,V,15111960,15113628,+
WBGene00011341,V,15113781,15114092,-
WBGene00077585,V,15116268,15116595,+
WBGene00011339,V,15116844,15119617,-
WBGene00011340,V,15121729,15125228,-
WBGene00005615,V,15126212,15127513,-
WBGene00005658,V,15128171,15129986,+
WBGene00006215,V,15130497,15132516,-
WBGene00010685,V,15134188,15136801,-
WBGene00010684,V,15137273,15139888,-
WBGene00010686,V,15140547,15143923,+
WBGene00010687,V,15144019,15146435,+
WBGene00202514,V,15146387,15146861,-
WBGene00011665,V,15149046,15150733,+
WBGene00011666,V,15150961,15151638,+
WBGene00005278,V,15153577,15154994,+
WBGene00006110,V,15158991,15160546,+
WBGene00023506,V,15163082,15164518,+
WBGene00011668,V,15175673,15176324,+
WBGene00011669,V,15180057,15181785,+
WBGene00011670,V,15182440,15184125,+
WBGene00013567,V,15184706,15185878,+
WBGene00013568,V,15185891,15186300,-
WBGene00000883,V,15186582,15187787,-
WBGene00013569,V,15187989,15189588,+
WBGene00000879,V,15189927,15190926,+
WBGene00013573,V,15191296,15191836,+
WBGene00004037,V,15192572,15197661,+
WBGene00045402,V,15193734,15194009,-
WBGene00005748,V,15198255,15199396,+
WBGene00013572,V,15200068,15201221,+
WBGene00013570,V,15201474,15202384,-
WBGene00008058,V,15207088,15207781,-
WBGene00008059,V,15208422,15209332,+
WBGene00008060,V,15209585,15210777,-
WBGene00005536,V,15212169,15213706,+
WBGene00005538,V,15215475,15216889,+
WBGene00005537,V,15217005,15219320,+
WBGene00008057,V,15221682,15223114,+
WBGene00005771,V,15223968,15225359,+
WBGene00005761,V,15225950,15227472,+
WBGene00005762,V,15230543,15231893,+
WBGene00005760,V,15232500,15233844,+
WBGene00008056,V,15233894,15235761,-
WBGene00005759,V,15237334,15238650,-
WBGene00005758,V,15239070,15240315,-
WBGene00010799,V,15241584,15243943,+
WBGene00002211,V,15244756,15247707,+
WBGene00005106,V,15250604,15251671,+
WBGene00010798,V,15252382,15253291,+
WBGene00010797,V,15253829,15254805,+
WBGene00010802,V,15255132,15256769,-
WBGene00010800,V,15257581,15259149,-
WBGene00010801,V,15260238,15260786,+
WBGene00010803,V,15260890,15262244,-
WBGene00045337,V,15263005,15264231,-
WBGene00045338,V,15264653,15265786,-
WBGene00045339,V,15266436,15267505,-
WBGene00005769,V,15268602,15269748,+
WBGene00011697,V,15270147,15272363,-
WBGene00005763,V,15273383,15274857,-
WBGene00005764,V,15275443,15276900,-
WBGene00005766,V,15279782,15281395,-
WBGene00005942,V,15281899,15283562,+
WBGene00011698,V,15285605,15287925,-
WBGene00011699,V,15288924,15291107,-
WBGene00006153,V,15292490,15293965,-
WBGene00000783,V,15296853,15298700,-
WBGene00005939,V,15302371,15303725,-
WBGene00077588,V,15304607,15305602,-
WBGene00012072,V,15305802,15306845,-
WBGene00014195,V,15307562,15309063,-
WBGene00014190,V,15311080,15312536,+
WBGene00014191,V,15314668,15315927,-
WBGene00014192,V,15316497,15318425,+
WBGene00045515,V,15318961,15320553,+
WBGene00014193,V,15323853,15325351,+
WBGene00014194,V,15325822,15327795,-
WBGene00005499,V,15330614,15332774,+
WBGene00005860,V,15333151,15334571,+
WBGene00006953,V,15334782,15337505,-
WBGene00044086,V,15338569,15339482,-
WBGene00010355,V,15340136,15341446,-
WBGene00006954,V,15342056,15344572,-
WBGene00007804,V,15346674,15347411,-
WBGene00007806,V,15347847,15349144,-
WBGene00007805,V,15349449,15350662,-
WBGene00005949,V,15352574,15353862,+
WBGene00007807,V,15354833,15357572,+
WBGene00001150,V,15357696,15360738,-
WBGene00011150,V,15368470,15370215,-
WBGene00011151,V,15373676,15374113,-
WBGene00005275,V,15374900,15376323,-
WBGene00005340,V,15376501,15378003,-
WBGene00005457,V,15378367,15379917,-
WBGene00000986,V,15381097,15382305,+
WBGene00006147,V,15382439,15383839,-
WBGene00006157,V,15385033,15386653,+
WBGene00005386,V,15386923,15388870,-
WBGene00011538,V,15393108,15394957,-
WBGene00000868,V,15395696,15397348,+
WBGene00005931,V,15397385,15398828,-
WBGene00044759,V,15398939,15399791,-
WBGene00005519,V,15400327,15401820,+
WBGene00011539,V,15402277,15404385,+
WBGene00005464,V,15405159,15406760,+
WBGene00005463,V,15407228,15411380,+
WBGene00011541,V,15411433,15412725,-
WBGene00005470,V,15414147,15415349,+
WBGene00005471,V,15416251,15417616,+
WBGene00011540,V,15418131,15419395,+
WBGene00011542,V,15421673,15423658,-
WBGene00012533,V,15423746,15425498,-
WBGene00194708,V,15426166,15426970,+
WBGene00012070,V,15427305,15432722,-
WBGene00044783,V,15443401,15443808,-
WBGene00202495,V,15443982,15444288,-
WBGene00044206,V,15444916,15445420,+
WBGene00005446,V,15445853,15447282,+
WBGene00012069,V,15447640,15448138,-
WBGene00235133,V,15449165,15449601,+
WBGene00005780,V,15449631,15451521,-
WBGene00011947,V,15456066,15457445,-
WBGene00006133,V,15457815,15459188,-
WBGene00011948,V,15459413,15464425,-
WBGene00004153,V,15465677,15467099,+
WBGene00001054,V,15471335,15476122,+
WBGene00007368,V,15476086,15478566,-
WBGene00007367,V,15479398,15481677,-
WBGene00007369,V,15484054,15484637,-
WBGene00007373,V,15486388,15487118,-
WBGene00005768,V,15488064,15489401,+
WBGene00007370,V,15491003,15492770,-
WBGene00005428,V,15493980,15495761,+
WBGene00005429,V,15496269,15497567,+
WBGene00007372,V,15498743,15511421,+
WBGene00004452,V,15512166,15512780,+
WBGene00008997,V,15512765,15522020,-
WBGene00008993,V,15517713,15519681,+
WBGene00005481,V,15529369,15530767,+
WBGene00219316,V,15530783,15533251,-
WBGene00008992,V,15533806,15533964,-
WBGene00008994,V,15536620,15537986,+
WBGene00008995,V,15538244,15547020,+
WBGene00008996,V,15543161,15544994,-
WBGene00000057,V,15551155,15559147,-
WBGene00009221,V,15567394,15569889,+
WBGene00003079,V,15569935,15570742,+
WBGene00009222,V,15571489,15572715,+
WBGene00009225,V,15571490,15574106,+
WBGene00009223,V,15574098,15575403,-
WBGene00006446,V,15575498,15577443,-
WBGene00044188,V,15577569,15578486,-
WBGene00009224,V,15578984,15590617,-
WBGene00007164,V,15593462,15593799,-
WBGene00206462,V,15599171,15599731,-
WBGene00007166,V,15600400,15602345,-
WBGene00007163,V,15602915,15605155,-
WBGene00007162,V,15605673,15610384,-
WBGene00006080,V,15610890,15612591,+
WBGene00006289,V,15613186,15614968,+
WBGene00007161,V,15614937,15617611,-
WBGene00008321,V,15621818,15623077,+
WBGene00008326,V,15625861,15626223,+
WBGene00008325,V,15626452,15627238,+
WBGene00006275,V,15628125,15629643,-
WBGene00008329,V,15632718,15635277,-
WBGene00008328,V,15635565,15637240,-
WBGene00008327,V,15637416,15638953,-
WBGene00008322,V,15642639,15643491,-
WBGene00006090,V,15644875,15646478,+
WBGene00008324,V,15646983,15647809,-
WBGene00008323,V,15648102,15648848,+
WBGene00005705,V,15650467,15652413,+
WBGene00009978,V,15652438,15659079,-
WBGene00206516,V,15654424,15655237,+
WBGene00010599,V,15669170,15670091,+
WBGene00077450,V,15670472,15671784,+
WBGene00010598,V,15672666,15673236,-
WBGene00003641,V,15674026,15675620,+
WBGene00003642,V,15677582,15680074,+
WBGene00010600,V,15686090,15687590,+
WBGene00010602,V,15687960,15689759,+
WBGene00010601,V,15690204,15691606,+
WBGene00010603,V,15693994,15696217,+
WBGene00005920,V,15696785,15698199,-
WBGene00010604,V,15698528,15699899,-
WBGene00003643,V,15700606,15702363,-
WBGene00006686,V,15704960,15709528,+
WBGene00012397,V,15709578,15710501,-
WBGene00006156,V,15710787,15711998,-
WBGene00012398,V,15712248,15715644,-
WBGene00012399,V,15716419,15718660,-
WBGene00012400,V,15719870,15721292,+
WBGene00005357,V,15722188,15723999,+
WBGene00012401,V,15724849,15726702,-
WBGene00012402,V,15726841,15728353,+
WBGene00050915,V,15729238,15730532,-
WBGene00006103,V,15730779,15732309,-
WBGene00011942,V,15732863,15733668,-
WBGene00006093,V,15734023,15735820,-
WBGene00006085,V,15740517,15741951,-
WBGene00006086,V,15743260,15744478,-
WBGene00011943,V,15747480,15748443,-
WBGene00006074,V,15748997,15750230,-
WBGene00006108,V,15750932,15752149,-
WBGene00006073,V,15753241,15754432,+
WBGene00006076,V,15755031,15756394,+
WBGene00006077,V,15758749,15760417,+
WBGene00001813,V,15760426,15766172,-
WBGene00010184,V,15766575,15767272,+
WBGene00010185,V,15769438,15770371,+
WBGene00003650,V,15770302,15773239,-
WBGene00010186,V,15774946,15776676,-
WBGene00012056,V,15777718,15779247,-
WBGene00012043,V,15779693,15781082,+
WBGene00012044,V,15781401,15782011,+
WBGene00012045,V,15782794,15784470,+
WBGene00012046,V,15790476,15792583,-
WBGene00012049,V,15793570,15795194,+
WBGene00012050,V,15796387,15797534,+
WBGene00012052,V,15797879,15798208,-
WBGene00012051,V,15799212,15802723,-
WBGene00005105,V,15803383,15804451,+
WBGene00206503,V,15803711,15803848,-
WBGene00012054,V,15805910,15807520,-
WBGene00012055,V,15808119,15810036,-
WBGene00010016,V,15810784,15811330,+
WBGene00010017,V,15812282,15813104,+
WBGene00010018,V,15814237,15815659,-
WBGene00010019,V,15816464,15817143,+
WBGene00000014,V,15817410,15817846,-
WBGene00010020,V,15820283,15821383,+
WBGene00010021,V,15821698,15822884,+
WBGene00010022,V,15823898,15824966,-
WBGene00010023,V,15826410,15827429,+
WBGene00044105,V,15829022,15830007,-
WBGene00010026,V,15830586,15831686,-
WBGene00010025,V,15832436,15833722,-
WBGene00005365,V,15839967,15841195,-
WBGene00005363,V,15848088,15850573,-
WBGene00005364,V,15856828,15858403,-
WBGene00010688,V,15861452,15862699,-
WBGene00005503,V,15863342,15864458,+
WBGene00005497,V,15866139,15867333,+
WBGene00011513,V,15867683,15869051,+
WBGene00006122,V,15871170,15872351,+
WBGene00006121,V,15872573,15873770,+
WBGene00003692,V,15874093,15876408,-
WBGene00003674,V,15876732,15879619,-
WBGene00011515,V,15881994,15884839,-
WBGene00011516,V,15885662,15886059,-
WBGene00011517,V,15886719,15888851,-
WBGene00011519,V,15892061,15892520,+
WBGene00011518,V,15892996,15894160,+
WBGene00011520,V,15894454,15896765,-
WBGene00006124,V,15897996,15899415,+
WBGene00011521,V,15899996,15900900,+
WBGene00009417,V,15904192,15905630,-
WBGene00009418,V,15905620,15907032,+
WBGene00009419,V,15910131,15911029,-
WBGene00009420,V,15912148,15913056,+
WBGene00009421,V,15914014,15915142,+
WBGene00001786,V,15915216,15916079,-
WBGene00009422,V,15916334,15917558,-
WBGene00009423,V,15919434,15920373,-
WBGene00000412,V,15921309,15922818,+
WBGene00003698,V,15922939,15924471,-
WBGene00009424,V,15923279,15926154,+
WBGene00011505,V,15926425,15928425,-
WBGene00011506,V,15930182,15931084,+
WBGene00005773,V,15931292,15932490,-
WBGene00005802,V,15938776,15940354,-
WBGene00005800,V,15943425,15944854,+
WBGene00005806,V,15949716,15951003,-
WBGene00005803,V,15951432,15952862,-
WBGene00005804,V,15953595,15955032,-
WBGene00005401,V,15955797,15957028,+
WBGene00009485,V,15957406,15959554,+
WBGene00005514,V,15963849,15965212,-
WBGene00005513,V,15966245,15967642,-
WBGene00009486,V,15968474,15969753,-
WBGene00005686,V,15970433,15972579,-
WBGene00005685,V,15972907,15974936,-
WBGene00009487,V,15976152,15977569,+
WBGene00009488,V,15978714,15981666,+
WBGene00009490,V,15981691,15982854,-
WBGene00009489,V,15983294,15986640,+
WBGene00009491,V,15987494,15988174,-
WBGene00007380,V,15988754,15991607,+
WBGene00007381,V,15992150,15995607,+
WBGene00007383,V,15996214,15996745,-
WBGene00007382,V,15997136,15997768,+
WBGene00003640,V,15997761,16000653,-
WBGene00003653,V,16002588,16004728,+
WBGene00006262,V,16006304,16007605,-
WBGene00006264,V,16008332,16009664,-
WBGene00007379,V,16010710,16012112,-
WBGene00011686,V,16012537,16014226,-
WBGene00006263,V,16014509,16015752,-
WBGene00005934,V,16017971,16019862,+
WBGene00005935,V,16020342,16022652,+
WBGene00011687,V,16023351,16024185,+
WBGene00011688,V,16024326,16027454,+
WBGene00011689,V,16027449,16031713,-
WBGene00077607,V,16032471,16034961,-
WBGene00011691,V,16036413,16038293,+
WBGene00001878,V,16040029,16040548,-
WBGene00001877,V,16040771,16041288,+
WBGene00001876,V,16041828,16042283,-
WBGene00001875,V,16042486,16043013,+
WBGene00050899,V,16044296,16045874,-
WBGene00013961,V,16046873,16047446,+
WBGene00006234,V,16047808,16049147,+
WBGene00008821,V,16049492,16051554,+
WBGene00008822,V,16051923,16053510,-
WBGene00008823,V,16053900,16055072,-
WBGene00008824,V,16055806,16057054,-
WBGene00008825,V,16057322,16058892,-
WBGene00219414,V,16059781,16060235,-
WBGene00008826,V,16060526,16062093,-
WBGene00045513,V,16062661,16062888,-
WBGene00008828,V,16067949,16068763,-
WBGene00008829,V,16069238,16071301,+
WBGene00008830,V,16071325,16072738,+
WBGene00005598,V,16072765,16073956,-
WBGene00008831,V,16074113,16075323,-
WBGene00005616,V,16075659,16077308,+
WBGene00009046,V,16090985,16092117,+
WBGene00009049,V,16094584,16097320,+
WBGene00006075,V,16097985,16100209,-
WBGene00009048,V,16100627,16102750,+
WBGene00009706,V,16103894,16105950,+
WBGene00009707,V,16112992,16114337,-
WBGene00006092,V,16115681,16116897,+
WBGene00006158,V,16117363,16118701,-
WBGene00004809,V,16121824,16122648,+
WBGene00003701,V,16123055,16124781,-
WBGene00044661,V,16125811,16127497,-
WBGene00044659,V,16129409,16130979,-
WBGene00009709,V,16131180,16133283,-
WBGene00009708,V,16133781,16137143,-
WBGene00009710,V,16138846,16139627,-
WBGene00008631,V,16140314,16141164,-
WBGene00008632,V,16142008,16143116,-
WBGene00008633,V,16143615,16144653,+
WBGene00008638,V,16144986,16146263,-
WBGene00008634,V,16149125,16151870,+
WBGene00006280,V,16151978,16153475,-
WBGene00006154,V,16153855,16155211,-
WBGene00006155,V,16157335,16158491,-
WBGene00045507,V,16158679,16159694,-
WBGene00006161,V,16160685,16162224,-
WBGene00008636,V,16162685,16163795,+
WBGene00008637,V,16164019,16165473,+
WBGene00006160,V,16166236,16167409,+
WBGene00006162,V,16167875,16169126,-
WBGene00010591,V,16170315,16171821,-
WBGene00010589,V,16173743,16175857,-
WBGene00006159,V,16180650,16181861,+
WBGene00010590,V,16182410,16183540,+
WBGene00010588,V,16183657,16184723,+
WBGene00005482,V,16185403,16186920,+
WBGene00005486,V,16190785,16192262,+
WBGene00005484,V,16193356,16194581,+
WBGene00008671,V,16194939,16195544,+
WBGene00008672,V,16195679,16196290,+
WBGene00008673,V,16198379,16201045,+
WBGene00045510,V,16202030,16202740,+
WBGene00045511,V,16202809,16204862,+
WBGene00008674,V,16203940,16204086,-
WBGene00008675,V,16205188,16206818,+
WBGene00008676,V,16206943,16209916,-
WBGene00044184,V,16210952,16211454,+
WBGene00008677,V,16214890,16217706,+
WBGene00008680,V,16217701,16218605,-
WBGene00001591,V,16219541,16221948,+
WBGene00008678,V,16224327,16225540,+
WBGene00008679,V,16226013,16226681,-
WBGene00009028,V,16227127,16229893,-
WBGene00009033,V,16230203,16231043,+
WBGene00001770,V,16231032,16232317,-
WBGene00009029,V,16232652,16233335,-
WBGene00009030,V,16233924,16234896,+
WBGene00005317,V,16235171,16235747,-
WBGene00009031,V,16237523,16238824,+
WBGene00005323,V,16242818,16244178,-
WBGene00005315,V,16246879,16248455,+
WBGene00001545,V,16248583,16253787,-
WBGene00009032,V,16254301,16256398,-
WBGene00011750,V,16258442,16260686,+
WBGene00003717,V,16261647,16263953,+
WBGene00011751,V,16265097,16265607,-
WBGene00044653,V,16266765,16268150,-
WBGene00011752,V,16268335,16269567,-
WBGene00011753,V,16270216,16271223,-
WBGene00044205,V,16271536,16272498,+
WBGene00011754,V,16272686,16275410,-
WBGene00009226,V,16278191,16280612,+
WBGene00009227,V,16280602,16282321,-
WBGene00009229,V,16283018,16285894,-
WBGene00009228,V,16286151,16287719,-
WBGene00007829,V,16292709,16295600,+
WBGene00007831,V,16297370,16298278,+
WBGene00044106,V,16298969,16299862,+
WBGene00007832,V,16300576,16301478,+
WBGene00206534,V,16302254,16302551,-
WBGene00007833,V,16302717,16306156,+
WBGene00007834,V,16307682,16309623,+
WBGene00007835,V,16309805,16314752,+
WBGene00006247,V,16315304,16317226,+
WBGene00005395,V,16317567,16318805,+
WBGene00010216,V,16329370,16330242,+
WBGene00005383,V,16333712,16335063,+
WBGene00005834,V,16336626,16338277,+
WBGene00010214,V,16339024,16341536,+
WBGene00010215,V,16342497,16344272,+
WBGene00012349,V,16344375,16346506,-
WBGene00012346,V,16347060,16349833,+
WBGene00012348,V,16357521,16367574,+
WBGene00012347,V,16367681,16372097,+
WBGene00005745,V,16372417,16374776,-
WBGene00008724,V,16376239,16377949,-
WBGene00008725,V,16382167,16383829,-
WBGene00005577,V,16386662,16388368,-
WBGene00001792,V,16390891,16392406,+
WBGene00005140,V,16392482,16393828,-
WBGene00008726,V,16394015,16395075,-
WBGene00008727,V,16396359,16398502,+
WBGene00008728,V,16399688,16401625,+
WBGene00045357,V,16401891,16405325,+
WBGene00006375,V,16405751,16407699,+
WBGene00009148,V,16407963,16410270,+
WBGene00005361,V,16410713,16411843,+
WBGene00006120,V,16415694,16417114,-
WBGene00009154,V,16418433,16420425,-
WBGene00005795,V,16420996,16422774,+
WBGene00005776,V,16423099,16424507,-
WBGene00009149,V,16424854,16429603,-
WBGene00006134,V,16430240,16431861,+
WBGene00009150,V,16432009,16433572,-
WBGene00009151,V,16434722,16435610,-
WBGene00009152,V,16435855,16436736,+
WBGene00009153,V,16437846,16438934,+
WBGene00005358,V,16443926,16445734,+
WBGene00011618,V,16445976,16447165,+
WBGene00011621,V,16448035,16449344,+
WBGene00006082,V,16453393,16455165,-
WBGene00006083,V,16457269,16458814,-
WBGene00005359,V,16459388,16460965,-
WBGene00011619,V,16462438,16466357,+
WBGene00005707,V,16466466,16467940,-
WBGene00005355,V,16469367,16471016,-
WBGene00005782,V,16471442,16473397,+
WBGene00011620,V,16478698,16479375,-
WBGene00077616,V,16480336,16481019,-
WBGene00010202,V,16481580,16482000,+
WBGene00010203,V,16482420,16483144,-
WBGene00005356,V,16483981,16485382,+
WBGene00012520,V,16486978,16487574,-
WBGene00012516,V,16488472,16489104,+
WBGene00012518,V,16493655,16494449,-
WBGene00012519,V,16494730,16495227,-
WBGene00005353,V,16495994,16497596,-
WBGene00009469,V,16499352,16502879,+
WBGene00044189,V,16502947,16503282,-
WBGene00003644,V,16503947,16505917,-
WBGene00005654,V,16506897,16508705,-
WBGene00009471,V,16510377,16515240,-
WBGene00009470,V,16516472,16517719,-
WBGene00005781,V,16520600,16522270,-
WBGene00009473,V,16527158,16528586,+
WBGene00219326,V,16528935,16530213,+
WBGene00000782,V,16533004,16534110,-
WBGene00202504,V,16535472,16535884,+
WBGene00012521,V,16537001,16537771,+
WBGene00012522,V,16538396,16549854,+
WBGene00012523,V,16550980,16552282,+
WBGene00012524,V,16553327,16563504,+
WBGene00005708,V,16565939,16567572,+
WBGene00006471,V,16569387,16571340,-
WBGene00006196,V,16573468,16574952,+
WBGene00006198,V,16576200,16578126,+
WBGene00011396,V,16578459,16580524,-
WBGene00011395,V,16581037,16583175,-
WBGene00006197,V,16583273,16585174,+
WBGene00005820,V,16586742,16588528,-
WBGene00005475,V,16590101,16592042,-
WBGene00000776,V,16592572,16595346,-
WBGene00045356,V,16598989,16600723,-
WBGene00011397,V,16600567,16603369,-
WBGene00012525,V,16606619,16608194,+
WBGene00005801,V,16611335,16612703,+
WBGene00012526,V,16612792,16614767,-
WBGene00194799,V,16617762,16618080,+
WBGene00050904,V,16618341,16620908,-
WBGene00013490,V,16621396,16623211,-
WBGene00012308,V,16624008,16627970,-
WBGene00012309,V,16629291,16629648,+
WBGene00005099,V,16629900,16631155,+
WBGene00005822,V,16634252,16635619,-
WBGene00005823,V,16636883,16638304,-
WBGene00012310,V,16638966,16641637,+
WBGene00005824,V,16641849,16643658,-
WBGene00086565,V,16644799,16645237,-
WBGene00012311,V,16645997,16646481,-
WBGene00012312,V,16646791,16647193,-
WBGene00219308,V,16648027,16648480,-
WBGene00012313,V,16649031,16649300,-
WBGene00012314,V,16651842,16652111,+
WBGene00235081,V,16652498,16653344,+
WBGene00045380,V,16654542,16657432,+
WBGene00077464,V,16658230,16660916,-
WBGene00013491,V,16662114,16662960,-
WBGene00235339,V,16663347,16663616,-
WBGene00044185,V,16666340,16666747,-
WBGene00008817,V,16667691,16668573,-
WBGene00006125,V,16669339,16671290,-
WBGene00008816,V,16671622,16672186,-
WBGene00008814,V,16675853,16677551,+
WBGene00008815,V,16677623,16679337,-
WBGene00005791,V,16680281,16682656,+
WBGene00005783,V,16683186,16684878,+
WBGene00005790,V,16686025,16687083,+
WBGene00023505,V,16687527,16689866,+
WBGene00005789,V,16692125,16693832,-
WBGene00008818,V,16694838,16696592,+
WBGene00005788,V,16697478,16699773,+
WBGene00013492,V,16700199,16704409,+
WBGene00013493,V,16705082,16706647,-
WBGene00013494,V,16713449,16715195,-
WBGene00005354,V,16715480,16716718,-
WBGene00003702,V,16722061,16723844,-
WBGene00077622,V,16727215,16727905,+
WBGene00012027,V,16728731,16729960,+
WBGene00012028,V,16730261,16731464,+
WBGene00012026,V,16731900,16733147,+
WBGene00194715,V,16733290,16733706,-
WBGene00012025,V,16733901,16735594,-
WBGene00012023,V,16735765,16737404,+
WBGene00012024,V,16737673,16739200,-
WBGene00012022,V,16739268,16741588,+
WBGene00012021,V,16742423,16744881,+
WBGene00012020,V,16745080,16746258,-
WBGene00012019,V,16747559,16788435,+
WBGene00012315,V,16789267,16792771,+
WBGene00004248,V,16792764,16795007,-
WBGene00012316,V,16794878,16802004,+
WBGene00013606,V,16802874,16814563,+
WBGene00011850,V,16815567,16820712,+
WBGene00011854,V,16820629,16821320,-
WBGene00005426,V,16825290,16827592,-
WBGene00005424,V,16828235,16829755,-
WBGene00005425,V,16830557,16832021,-
WBGene00004026,V,16833316,16839141,+
WBGene00006585,V,16833638,16835144,-
WBGene00011853,V,16839145,16841061,-
WBGene00044331,V,16843241,16844696,+
WBGene00044332,V,16846867,16848466,-
WBGene00011852,V,16848611,16850130,+
WBGene00013609,V,16850394,16852095,-
WBGene00013608,V,16852291,16854053,-
WBGene00013607,V,16854646,16856152,+
WBGene00009854,V,16856437,16858077,-
WBGene00009855,V,16858429,16860040,+
WBGene00009860,V,16860228,16861869,-
WBGene00009856,V,16862012,16863890,+
WBGene00009857,V,16865704,16867226,+
WBGene00009859,V,16867678,16869845,-
WBGene00009858,V,16870742,16871487,-
WBGene00005770,V,16873942,16875455,+
WBGene00044195,V,16875877,16876144,+
WBGene00008617,V,16878724,16880154,-
WBGene00044278,V,16880994,16881336,+
WBGene00044181,V,16881901,16882310,-
WBGene00044182,V,16882878,16883142,+
WBGene00044183,V,16885075,16885403,+
WBGene00008615,V,16887413,16888479,-
WBGene00008616,V,16889275,16890749,+
WBGene00077492,V,16893740,16894107,+
WBGene00008618,V,16898457,16899455,-
WBGene00005145,V,16901215,16902826,-
WBGene00008619,V,16904912,16906787,+
WBGene00077493,V,16907969,16909971,-
WBGene00003706,V,16912234,16915350,+
WBGene00008620,V,16915373,16916179,-
WBGene00013610,V,16917196,16918478,-
WBGene00013611,V,16918782,16919784,+
WBGene00013613,V,16922252,16924258,+
WBGene00044213,V,16926920,16927445,-
WBGene00013616,V,16939031,16940049,+
WBGene00013619,V,16947158,16948111,-
WBGene00013620,V,16948659,16949674,-
WBGene00013622,V,16952127,16953507,+
WBGene00005416,V,16953754,16954866,-
WBGene00013621,V,16956529,16957991,+
WBGene00001161,V,16958657,16965675,-
WBGene00013623,V,16966814,16968586,+
WBGene00005338,V,16972434,16974088,+
WBGene00005945,V,16975219,16976717,+
WBGene00005946,V,16979010,16980244,+
WBGene00013626,V,16980668,16981880,+
WBGene00077624,V,16986460,16987135,-
WBGene00013628,V,16988240,16988714,-
WBGene00013629,V,16992034,16993910,+
WBGene00006249,V,16998933,17000304,-
WBGene00005521,V,17001467,17003587,+
WBGene00005348,V,17005489,17006753,+
WBGene00005581,V,17007232,17008402,-
WBGene00009914,V,17008673,17009388,-
WBGene00009905,V,17010062,17011849,+
WBGene00009906,V,17012127,17013332,-
WBGene00009907,V,17014408,17015326,+
WBGene00005316,V,17017087,17019800,+
WBGene00050965,V,17019990,17020226,+
WBGene00009913,V,17020907,17021461,-
WBGene00009909,V,17022370,17022663,-
WBGene00009908,V,17023473,17025347,+
WBGene00050894,V,17026138,17026389,-
WBGene00009912,V,17033218,17035950,-
WBGene00009195,V,17042592,17043783,+
WBGene00009196,V,17044786,17049822,+
WBGene00009197,V,17052004,17055349,+
WBGene00009198,V,17055431,17057052,+
WBGene00009199,V,17057135,17059919,+
WBGene00005578,V,17060287,17061675,+
WBGene00045381,V,17061889,17063095,+
WBGene00005461,V,17064976,17066471,+
WBGene00045382,V,17068627,17069533,+
WBGene00011485,V,17070527,17071678,-
WBGene00006176,V,17074290,17076000,-
WBGene00011486,V,17076874,17077989,-
WBGene00005767,V,17078257,17079895,-
WBGene00045500,V,17080492,17082818,-
WBGene00011487,V,17085002,17090023,-
WBGene00005444,V,17090362,17091693,+
WBGene00013935,V,17092570,17093420,+
WBGene00013937,V,17097927,17098766,-
WBGene00013938,V,17099347,17100364,+
WBGene00013939,V,17101132,17102017,+
WBGene00013940,V,17103410,17104627,-
WBGene00013941,V,17105783,17106656,+
WBGene00013943,V,17107530,17108418,-
WBGene00013942,V,17116026,17117009,+
WBGene00194682,V,17154643,17155430,-
WBGene00009572,V,17156033,17157254,-
WBGene00009571,V,17159874,17162621,+
WBGene00005321,V,17162900,17165509,-
WBGene00009569,V,17166028,17167557,-
WBGene00005798,V,17169442,17170922,-
WBGene00009568,V,17171851,17173313,+
WBGene00009567,V,17174038,17175530,+
WBGene00009566,V,17176716,17178067,-
WBGene00005390,V,17178757,17180002,+
WBGene00005375,V,17182345,17183624,+
WBGene00006235,V,17189186,17190499,-
WBGene00013466,V,17190831,17192339,-
WBGene00013468,V,17199418,17201736,+
WBGene00013469,V,17202147,17205340,+
WBGene00044212,V,17207352,17208116,-
WBGene00005443,V,17210716,17212039,-
WBGene00005332,V,17213043,17214212,+
WBGene00011840,V,17217990,17219004,+
WBGene00005328,V,17219253,17220445,-
WBGene00005458,V,17222386,17223405,-
WBGene00005331,V,17225086,17226219,-
WBGene00011841,V,17226959,17227961,+
WBGene00050934,V,17236592,17238097,+
WBGene00011844,V,17239097,17240656,+
WBGene00013472,V,17241708,17242652,-
WBGene00013471,V,17243767,17245506,-
WBGene00013470,V,17247325,17249015,-
WBGene00219383,V,17251911,17252309,+
WBGene00005335,V,17252931,17255128,-
WBGene00005334,V,17255754,17257194,+
WBGene00044654,V,17259173,17260534,+
WBGene00010752,V,17264066,17264955,-
WBGene00044202,V,17273524,17275059,+
WBGene00219212,V,17286042,17286401,-
WBGene00005777,V,17287383,17288666,+
WBGene00206504,V,17290094,17290453,+
WBGene00010754,V,17298341,17301475,-
WBGene00005582,V,17303054,17304438,+
WBGene00009299,V,17313602,17315153,-
WBGene00009298,V,17318147,17319515,+
WBGene00009296,V,17322615,17324518,+
WBGene00009297,V,17326453,17327967,-
WBGene00005201,V,17328797,17330610,+
WBGene00009836,V,17331570,17335546,+
WBGene00009839,V,17343312,17348239,-
WBGene00009840,V,17345228,17347775,+
WBGene00004811,V,17347922,17348625,+
WBGene00009834,V,17348665,17350180,-
WBGene00009841,V,17350387,17352870,-
WBGene00009835,V,17353325,17360212,+
WBGene00012491,V,17371544,17376745,-
WBGene00012492,V,17377406,17379226,+
WBGene00077495,V,17380232,17381119,+
WBGene00005339,V,17395674,17398034,+
WBGene00005944,V,17400123,17401774,-
WBGene00005349,V,17410255,17411705,+
WBGene00012080,V,17413546,17414749,+
WBGene00044059,V,17415278,17416743,+
WBGene00012081,V,17417133,17418391,+
WBGene00012083,V,17429701,17430166,-
WBGene00044100,V,17431203,17432501,+
WBGene00206495,V,17435678,17436592,-
WBGene00008982,V,17436985,17438417,-
WBGene00005370,V,17440427,17441774,+
WBGene00005414,V,17454495,17456297,-
WBGene00006236,V,17456619,17458169,-
WBGene00008981,V,17458533,17460161,-
WBGene00008983,V,17460813,17462432,-
WBGene00008984,V,17464578,17466730,+
WBGene00005819,V,17467051,17468561,+
WBGene00050906,V,17468754,17469251,-
WBGene00005442,V,17470223,17471664,-
WBGene00005341,V,17473999,17475471,+
WBGene00008574,V,17476790,17478108,+
WBGene00005330,V,17484045,17485178,-
WBGene00008575,V,17486431,17487205,+
WBGene00010536,V,17487346,17488833,-
WBGene00010535,V,17489502,17491609,-
WBGene00010534,V,17492077,17493832,-
WBGene00005337,V,17494306,17496171,-
WBGene00005778,V,17506589,17508506,+
WBGene00005779,V,17508793,17510214,+
WBGene00007672,V,17521037,17527479,+
WBGene00007678,V,17528029,17529910,+
WBGene00219493,V,17530303,17530714,-
WBGene00007674,V,17530813,17531510,-
WBGene00007673,V,17532353,17532786,-
WBGene00007675,V,17535615,17538373,-
WBGene00014679,V,17540595,17542272,+
WBGene00008017,V,17549675,17551196,+
WBGene00008016,V,17551506,17552816,-
WBGene00008015,V,17555854,17558477,-
WBGene00008014,V,17559271,17561612,+
WBGene00008009,V,17563171,17566003,-
WBGene00008010,V,17567513,17571603,+
WBGene00008012,V,17584793,17585876,+
WBGene00012404,V,17594349,17598971,-
WBGene00050974,V,17599978,17600872,+
WBGene00012405,V,17601820,17602954,+
WBGene00194801,V,17606350,17606922,+
WBGene00012406,V,17608097,17609597,+
WBGene00189937,V,17610036,17610609,-
WBGene00138715,V,17613792,17614357,-
WBGene00044207,V,17614694,17615709,-
WBGene00044208,V,17616473,17616921,-
WBGene00045501,V,17620194,17622750,+
WBGene00010206,V,17623530,17624559,+
WBGene00195165,V,17625127,17627598,+
WBGene00045506,V,17628866,17630215,+
WBGene00010212,V,17640672,17650527,-
WBGene00010293,V,17656892,17658198,-
WBGene00010296,V,17660303,17661810,+
WBGene00010297,V,17661802,17665475,-
WBGene00010298,V,17666206,17667776,-
WBGene00006148,V,17668882,17671330,+
WBGene00006151,V,17671700,17673443,-
WBGene00006150,V,17674946,17676653,-
WBGene00010300,V,17680661,17683907,-
WBGene00010301,V,17684149,17684968,-
WBGene00010292,V,17685192,17686074,+
WBGene00206506,V,17686256,17686939,-
WBGene00010299,V,17687211,17690994,-
WBGene00012515,V,17692502,17695827,-
WBGene00189932,V,17696190,17696848,-
WBGene00077640,V,17697506,17699197,-
WBGene00189931,V,17699959,17700310,+
WBGene00189930,V,17700436,17700824,-
WBGene00005255,V,17701212,17703285,+
WBGene00012305,V,17706114,17706875,+
WBGene00005254,V,17707184,17709823,+
WBGene00006685,V,17710040,17714377,-
WBGene00006137,V,17718947,17721293,+
WBGene00001397,V,17725004,17726818,+
WBGene00006692,V,17726799,17730381,-
WBGene00012304,V,17733568,17739899,-
WBGene00006688,V,17743651,17747059,-
WBGene00011254,V,17747966,17749243,-
WBGene00004003,V,17755892,17764751,+
WBGene00219381,V,17764831,17765177,-
WBGene00005488,V,17765348,17766780,+
WBGene00005489,V,17767549,17769621,+
WBGene00008126,V,17769653,17773208,-
WBGene00008127,V,17774187,17777227,-
WBGene00008129,V,17777924,17779487,+
WBGene00008128,V,17780448,17783639,-
WBGene00005494,V,17790491,17792470,+
WBGene00005493,V,17792679,17794086,-
WBGene00005492,V,17794909,17795755,-
WBGene00005909,V,17796200,17798889,-
WBGene00005491,V,17800838,17801906,+
WBGene00050893,V,17802410,17802619,-
WBGene00005496,V,17802769,17803923,+
WBGene00005495,V,17805486,17808611,+
WBGene00005500,V,17810353,17812794,+
WBGene00005502,V,17818867,17821003,+
WBGene00005504,V,17822105,17823889,+
WBGene00005505,V,17824910,17827774,+
WBGene00005508,V,17828610,17829983,+
WBGene00005507,V,17831650,17833418,+
WBGene00005490,V,17841483,17844206,-
WBGene00013340,V,17845739,17855989,-
WBGene00000813,V,17861368,17870651,-
WBGene00013339,V,17871401,17879913,+
WBGene00007394,V,17879844,17888984,-
WBGene00206499,V,17893883,17894059,-
WBGene00219445,V,17894785,17894985,+
WBGene00007392,V,17895268,17896804,-
WBGene00219446,V,17897546,17897746,-
WBGene00007393,V,17899803,17901913,+
WBGene00219447,V,17904129,17904329,+
WBGene00007395,V,17910304,17917241,+
WBGene00044795,V,17919037,17921734,+
WBGene00008442,V,17921776,17924185,+
WBGene00008441,V,17924916,17934225,+
WBGene00001080,V,17936332,17949184,-
WBGene00013356,V,17951348,17952820,+
WBGene00013355,V,17954054,17966847,-
WBGene00013354,V,17968510,17980082,-
WBGene00013353,V,17986260,17994546,+
WBGene00013352,V,17995347,18001368,-
WBGene00013351,V,18007230,18009041,+
WBGene00045459,V,18010017,18010837,-
WBGene00005350,V,18012413,18014216,-
WBGene00005351,V,18014641,18017326,-
WBGene00013343,V,18022479,18042353,+
WBGene00013344,V,18043571,18052323,+
WBGene00044794,V,18053778,18055397,-
WBGene00007062,V,18055969,18060708,+
WBGene00013345,V,18062035,18066307,-
WBGene00013347,V,18070021,18081957,-
WBGene00013348,V,18082406,18085127,-
WBGene00013349,V,18085630,18086225,-
WBGene00013350,V,18087123,18097996,+
WBGene00003919,V,18098676,18106868,+
WBGene00012562,V,18108269,18114755,+
WBGene00012564,V,18123939,18125245,+
WBGene00012565,V,18125375,18127205,+
WBGene00012566,V,18127519,18128885,+
WBGene00044758,V,18129171,18131125,-
WBGene00219210,V,18131667,18133232,-
WBGene00012567,V,18133300,18134478,-
WBGene00012570,V,18138995,18140687,+
WBGene00012571,V,18141461,18142577,+
WBGene00045417,V,18142849,18143543,+
WBGene00045416,V,18143716,18144720,+
WBGene00007567,V,18146377,18146635,+
WBGene00007565,V,18157878,18159614,+
WBGene00050956,V,18159652,18161339,-
WBGene00050955,V,18162034,18162668,-
WBGene00007569,V,18163439,18164858,-
WBGene00007570,V,18165294,18167261,-
WBGene00007571,V,18167634,18168450,-
WBGene00007572,V,18169087,18171618,-
WBGene00007853,V,18172484,18178759,-
WBGene00007850,V,18179943,18181373,+
WBGene00007852,V,18185210,18185461,+
WBGene00007851,V,18186111,18188331,-
WBGene00008892,V,18189560,18191047,+
WBGene00008891,V,18191412,18194167,+
WBGene00008893,V,18195306,18197863,+
WBGene00008894,V,18198721,18205815,+
WBGene00008897,V,18207064,18209171,-
WBGene00008898,V,18213677,18216275,-
WBGene00008899,V,18217084,18222299,+
WBGene00008900,V,18222746,18224447,-
WBGene00011209,V,18234530,18236757,-
WBGene00011213,V,18238122,18240736,-
WBGene00011207,V,18242339,18252416,-
WBGene00011208,V,18253794,18254403,+
WBGene00011211,V,18254783,18257067,+
WBGene00011212,V,18259270,18266370,-
WBGene00012574,V,18267292,18268844,-
WBGene00004812,V,18269616,18269985,-
WBGene00012575,V,18270703,18272256,+
WBGene00012573,V,18272889,18277694,-
WBGene00206507,V,18280277,18280528,-
WBGene00013058,V,18282897,18290590,+
WBGene00013060,V,18290942,18291348,+
WBGene00077445,V,18292595,18292944,+
WBGene00013064,V,18294359,18294749,+
WBGene00013061,V,18298806,18300713,+
WBGene00013062,V,18302714,18303506,+
WBGene00013063,V,18305181,18305571,-
WBGene00007182,V,18318595,18319744,+
WBGene00194695,V,18322336,18323327,-
WBGene00007183,V,18329112,18331179,-
WBGene00077692,V,18339015,18339907,-
WBGene00007439,V,18350148,18350464,+
WBGene00119201,V,18351021,18352672,+
WBGene00007438,V,18353510,18355842,-
WBGene00007441,V,18359818,18359988,-
WBGene00007437,V,18361051,18362543,-
WBGene00050891,V,18364858,18365224,+
WBGene00007442,V,18368014,18368422,-
WBGene00007440,V,18371846,18373528,+
WBGene00013066,V,18374494,18376755,+
WBGene00013071,V,18379119,18379289,+
WBGene00013067,V,18380620,18382690,-
WBGene00013068,V,18386252,18389146,-
WBGene00013069,V,18389280,18391337,+
WBGene00013070,V,18392007,18394303,-
WBGene00050907,V,18395338,18395749,-
WBGene00206496,V,18397323,18397888,-
WBGene00005419,V,18403722,18404867,-
WBGene00005417,V,18409043,18410242,-
WBGene00013949,V,18410758,18412987,-
WBGene00013950,V,18414351,18416861,+
WBGene00005614,V,18421097,18423477,+
WBGene00013951,V,18423883,18424207,-
WBGene00206508,V,18425103,18425644,-
WBGene00005830,V,18426580,18430537,+
WBGene00005829,V,18431750,18434172,+
WBGene00219370,V,18434511,18435061,-
WBGene00013953,V,18438381,18440195,+
WBGene00013954,V,18440578,18441340,+
WBGene00013944,V,18444418,18447019,+
WBGene00044215,V,18456728,18457329,+
WBGene00013946,V,18458238,18461231,-
WBGene00013947,V,18462804,18465320,+
WBGene00195061,V,18467944,18468197,-
WBGene00005397,V,18471985,18473530,-
WBGene00005396,V,18474523,18476268,+
WBGene00005394,V,18476390,18478061,+
WBGene00005393,V,18478467,18480331,-
WBGene00013083,V,18481131,18487258,-
WBGene00004830,V,18492265,18508201,+
WBGene00013072,V,18508873,18512632,+
WBGene00013073,V,18516789,18523875,+
WBGene00013074,V,18524760,18529156,+
WBGene00013075,V,18533924,18549129,+
WBGene00013076,V,18550022,18553867,-
WBGene00013077,V,18555387,18556643,-
WBGene00013078,V,18556714,18558099,+
WBGene00013079,V,18558748,18560308,-
WBGene00005191,V,18562178,18564886,-
WBGene00044210,V,18571833,18573026,+
WBGene00013080,V,18573056,18579784,-
WBGene00013081,V,18582658,18582963,+
WBGene00013082,V,18592754,18614101,+
WBGene00003660,V,18616599,18620043,+
WBGene00013479,V,18620057,18623093,-
WBGene00050884,V,18623198,18626852,-
WBGene00013480,V,18628680,18636348,-
WBGene00013489,V,18638484,18639591,+
WBGene00013486,V,18640337,18648392,+
WBGene00013487,V,18650343,18656165,+
WBGene00013481,V,18656094,18664116,-
WBGene00013485,V,18670315,18684360,+
WBGene00077455,V,18685060,18686349,+
WBGene00006714,V,18686315,18689843,-
WBGene00013482,V,18689989,18696069,+
WBGene00013483,V,18699451,18700992,+
WBGene00013484,V,18701540,18706098,+
WBGene00012455,V,18706570,18708363,+
WBGene00194680,V,18709810,18711696,+
WBGene00012456,V,18716075,18719944,-
WBGene00077655,V,18728703,18729374,-
WBGene00013973,V,18730174,18731679,-
WBGene00013971,V,18731991,18732772,+
WBGene00013972,V,18732802,18734466,-
WBGene00045364,V,18738955,18742208,-
WBGene00008703,V,18745718,18746987,-
WBGene00008702,V,18747943,18748826,-
WBGene00045362,V,18749579,18750199,-
WBGene00206492,V,18750163,18750691,-
WBGene00045361,V,18751267,18752299,-
WBGene00008701,V,18752482,18753136,-
WBGene00008700,V,18753500,18754428,-
WBGene00008698,V,18757982,18760285,-
WBGene00008699,V,18761378,18763526,+
WBGene00008696,V,18769767,18770723,-
WBGene00012454,V,18771690,18772639,+
WBGene00044892,V,18773061,18774024,+
WBGene00012452,V,18776198,18780216,-
WBGene00194982,V,18783800,18784954,+
WBGene00012451,V,18784954,18786788,-
WBGene00012450,V,18787806,18789617,+
WBGene00012449,V,18790958,18794781,+
WBGene00008309,V,18796106,18800822,-
WBGene00206524,V,18801433,18802177,-
WBGene00206523,V,18802924,18803360,-
WBGene00005522,V,18804080,18806509,-
WBGene00008310,V,18808069,18808670,-
WBGene00008308,V,18811005,18813481,+
WBGene00008306,V,18815036,18818593,+
WBGene00195058,V,18819065,18819410,+
WBGene00008307,V,18819766,18831422,+
WBGene00012448,V,18832327,18837214,-
WBGene00003655,V,18839310,18845401,+
WBGene00012446,V,18846817,18852729,+
WBGene00006945,V,18853127,18859221,-
WBGene00001258,V,18860287,18894974,-
WBGene00013583,V,18874133,18876169,+
WBGene00013584,V,18895317,18900532,-
WBGene00013588,V,18903772,18906201,+
WBGene00013585,V,18912038,18918109,+
WBGene00004236,V,18919296,18931379,-
WBGene00013586,V,18940641,18946905,+
WBGene00013587,V,18953118,18957317,-
WBGene00012702,V,18958240,18960172,-
WBGene00012701,V,18960969,18967842,-
WBGene00012700,V,18968021,18969640,-
WBGene00012699,V,18970500,18977976,-
WBGene00012698,V,18979336,18981193,-
WBGene00012697,V,18981306,18985870,+
WBGene00012696,V,18986498,18990421,-
WBGene00012695,V,18990850,18993799,+
WBGene00012694,V,18993940,18998200,+
WBGene00006567,V,18998345,19000918,+
WBGene00012693,V,19001018,19001856,+
WBGene00012692,V,19001956,19006711,+
WBGene00012691,V,19007536,19008144,-
WBGene00012689,V,19014573,19020001,+
WBGene00012688,V,19020487,19024765,-
WBGene00012684,V,19026463,19031590,+
WBGene00012686,V,19031742,19035255,+
WBGene00012683,V,19035753,19037320,-
WBGene00012682,V,19039058,19042605,-
WBGene00012681,V,19043215,19044853,-
WBGene00000214,V,19049461,19050825,-
WBGene00006696,V,19060180,19067034,+
WBGene00012679,V,19068621,19074237,-
WBGene00003685,V,19076654,19082641,-
WBGene00012703,V,19087723,19092668,+
WBGene00012678,V,19099085,19101108,-
WBGene00012676,V,19101961,19118412,-
WBGene00012675,V,19118505,19119425,-
WBGene00012674,V,19119527,19124915,-
WBGene00012673,V,19127530,19130938,+
WBGene00012672,V,19131531,19133603,-
WBGene00012671,V,19136509,19138986,+
WBGene00012670,V,19140795,19145542,+
WBGene00012669,V,19145778,19149147,-
WBGene00195240,V,19152279,19152428,-
WBGene00006639,V,19154106,19157674,+
WBGene00012668,V,19157659,19158877,-
WBGene00001987,V,19174806,19187899,+
WBGene00012666,V,19189246,19190035,-
WBGene00012665,V,19190547,19199080,+
WBGene00012664,V,19201013,19203607,-
WBGene00003669,V,19207684,19211895,-
WBGene00005653,V,19213685,19217138,-
WBGene00012068,V,19217975,19222908,+
WBGene00006140,V,19225543,19251083,-
WBGene00012067,V,19230765,19232020,+
WBGene00012066,V,19233937,19235585,+
WBGene00012065,V,19236091,19237298,-
WBGene00012064,V,19238421,19239849,-
WBGene00012063,V,19240354,19241624,+
WBGene00219452,V,19252181,19253054,+
WBGene00009018,V,19253820,19256758,+
WBGene00009017,V,19257583,19257753,-
WBGene00009016,V,19258483,19262449,-
WBGene00009015,V,19264597,19269661,+
WBGene00009021,V,19279218,19279988,-
WBGene00010099,V,19282614,19284594,+
WBGene00010100,V,19287009,19288173,-
WBGene00010101,V,19288755,19289889,+
WBGene00010102,V,19290616,19291028,-
WBGene00010103,V,19293632,19296823,-
WBGene00010104,V,19297810,19298749,+
WBGene00077663,V,19299562,19300461,+
WBGene00010105,V,19301076,19302034,-
WBGene00044197,V,19302787,19303728,-
WBGene00010106,V,19304126,19305072,+
WBGene00206500,V,19306641,19307006,-
WBGene00010107,V,19307242,19307583,-
WBGene00008070,V,19310583,19311058,-
WBGene00008071,V,19313275,19316512,+
WBGene00005418,V,19317362,19318500,+
WBGene00008069,V,19319033,19319460,-
WBGene00008068,V,19320624,19321203,+
WBGene00008067,V,19321901,19322487,-
WBGene00008066,V,19329563,19330747,+
WBGene00007583,V,19332425,19349495,-
WBGene00012808,V,19370602,19371331,+
WBGene00012809,V,19371553,19376247,+
WBGene00012810,V,19377444,19381031,+
WBGene00005831,V,19381268,19384760,+
WBGene00012811,V,19384887,19390120,-
WBGene00007727,V,19395055,19396609,+
WBGene00045413,V,19397828,19398982,-
WBGene00005833,V,19400142,19400715,-
WBGene00045412,V,19402296,19402955,-
WBGene00007726,V,19403530,19405326,-
WBGene00044291,V,19405685,19406394,+
WBGene00007725,V,19407739,19410857,-
WBGene00007724,V,19411274,19413914,-
WBGene00007728,V,19416633,19418004,+
WBGene00050967,V,19418212,19418911,+
WBGene00007723,V,19421471,19426774,+
WBGene00005832,V,19429440,19431687,-
WBGene00045411,V,19432441,19433072,-
WBGene00194803,V,19434387,19434753,+
WBGene00045461,V,19436484,19437217,+
WBGene00010850,V,19437899,19445605,-
WBGene00010851,V,19445873,19448901,-
WBGene00206418,V,19449738,19450914,+
WBGene00012824,V,19452183,19455031,-
WBGene00012823,V,19456017,19457300,+
WBGene00195176,V,19457420,19458857,+
WBGene00045415,V,19460818,19462102,-
WBGene00195177,V,19462912,19463759,+
WBGene00194815,V,19465854,19467657,-
WBGene00012822,V,19468383,19469554,+
WBGene00012821,V,19470694,19472501,+
WBGene00012820,V,19474464,19476942,+
WBGene00012819,V,19479203,19480459,+
WBGene00194699,V,19482835,19482984,+
WBGene00050910,V,19484721,19484920,+
WBGene00219302,V,19485319,19485873,+
WBGene00050911,V,19485916,19486746,+
WBGene00012818,V,19490761,19491231,+
WBGene00219455,V,19491602,19491820,+
WBGene00012816,V,19494762,19495687,-
WBGene00012814,V,19503108,19519950,+
WBGene00077688,V,19510780,19512164,-
WBGene00012815,V,19512185,19513656,-
WBGene00012813,V,19519925,19533110,-
WBGene00012812,V,19534880,19546200,-
WBGene00086559,V,19548239,19549784,-
WBGene00007177,V,19551008,19555969,-
WBGene00007176,V,19565386,19606115,+
WBGene00003763,V,19607511,19608346,+
WBGene00012840,V,19609494,19612099,+
WBGene00003764,V,19613461,19614533,+
WBGene00012825,V,19614558,19622551,-
WBGene00012826,V,19625062,19630753,+
WBGene00012827,V,19631371,19632662,-
WBGene00012828,V,19633062,19640908,-
WBGene00012829,V,19641292,19644083,-
WBGene00012830,V,19644239,19645758,+
WBGene00012831,V,19646088,19647338,+
WBGene00012832,V,19650438,19655251,-
WBGene00012833,V,19670259,19671411,+
WBGene00003413,V,19674843,19693043,+
WBGene00012834,V,19693896,19697398,-
WBGene00012835,V,19697560,19705212,+
WBGene00012839,V,19705205,19706379,+
WBGene00005714,V,19706890,19708949,-
WBGene00012836,V,19709775,19710614,-
WBGene00045344,V,19710871,19711742,-
WBGene00012837,V,19714213,19715519,-
WBGene00012838,V,19716147,19717103,+
WBGene00013819,V,19727481,19727964,+
WBGene00013817,V,19729038,19729590,+
WBGene00013816,V,19730588,19732165,+
WBGene00012252,V,19735077,19737607,-
WBGene00012246,V,19738417,19739393,+
WBGene00012247,V,19739559,19741117,-
WBGene00012248,V,19741951,19742312,+
WBGene00012249,V,19743634,19745753,+
WBGene00012250,V,19746152,19748540,+
WBGene00012251,V,19748987,19751212,-
WBGene00012253,V,19752400,19755368,-
WBGene00012254,V,19756553,19758552,+
WBGene00010931,V,19761051,19766763,+
WBGene00206535,V,19771523,19771724,-
WBGene00010934,V,19776080,19777174,-
WBGene00044655,V,19777247,19778708,-
WBGene00010929,V,19784129,19785961,+
WBGene00010928,V,19788704,19789281,+
WBGene00010927,V,19790043,19791248,+
WBGene00010933,V,19792566,19795031,-
WBGene00013820,V,19797999,19801133,-
WBGene00000920,V,19815133,19816451,+
WBGene00189943,V,19820590,19822193,-
WBGene00003959,V,19822748,19830099,-
WBGene00005785,V,19836442,19839342,+
WBGene00013822,V,19842632,19845977,-
WBGene00013823,V,19848314,19855250,+
WBGene00013825,V,19855174,19867983,-
WBGene00013824,V,19857623,19860982,+
WBGene00013827,V,19878221,19880026,+
WBGene00001629,V,19881374,19895350,-
WBGene00013828,V,19883216,19885854,+
WBGene00013361,V,19897977,19907434,-
WBGene00013829,V,19899491,19900291,+
WBGene00000499,V,19908765,19916023,-
WBGene00013365,V,19916557,19919996,+
WBGene00013364,V,19921697,19922600,-
WBGene00004810,V,19924224,19925033,+
WBGene00013362,V,19927782,19934323,-
WBGene00000987,V,19934795,19946629,-
WBGene00013360,V,19946691,19949093,-
WBGene00013359,V,19949982,19955122,+
WBGene00013358,V,19955453,19958912,+
WBGene00005388,V,19959044,19960916,+
WBGene00005387,V,19965700,19972559,+
WBGene00005389,V,19973284,19975063,+
WBGene00005398,V,19975610,19978320,-
WBGene00023519,V,19978620,19981882,-
WBGene00013357,V,19982994,19986313,-
WBGene00005579,V,19987984,19990504,+
WBGene00044211,V,19991207,19994189,-
WBGene00006786,V,19995986,20004485,-
WBGene00013367,V,20007770,20009195,+
WBGene00013366,V,20011959,20015077,+
WBGene00013746,V,20023046,20036667,+
WBGene00013753,V,20037587,20039419,+
WBGene00013747,V,20040927,20047398,-
WBGene00005440,V,20049382,20052565,+
WBGene00006652,V,20053733,20064174,-
WBGene00001485,V,20075935,20087733,-
WBGene00000940,V,20087848,20090743,-
WBGene00004754,V,20091263,20105685,+
WBGene00013752,V,20094344,20095008,-
WBGene00003566,V,20105632,20120675,-
WBGene00013748,V,20128416,20133142,-
WBGene00206510,V,20134606,20135347,-
WBGene00013751,V,20135864,20138449,-
WBGene00013749,V,20144247,20146805,+
WBGene00013750,V,20148195,20150357,+
WBGene00008946,V,20151489,20155442,+
WBGene00008945,V,20158523,20161788,+
WBGene00008944,V,20162649,20164561,-
WBGene00005786,V,20169295,20172041,-
WBGene00008947,V,20183843,20186679,-
WBGene00013754,V,20187710,20188882,-
WBGene00013755,V,20190535,20192152,-
WBGene00195241,V,20192830,20193349,+
WBGene00005427,V,20193463,20195246,-
WBGene00195242,V,20195986,20196416,+
WBGene00013756,V,20196971,20198242,+
WBGene00001482,V,20199262,20200640,+
WBGene00013758,V,20201616,20202874,+
WBGene00013757,V,20203422,20204503,+
WBGene00013759,V,20204528,20206180,-
WBGene00013760,V,20206318,20207907,+
WBGene00013762,V,20208685,20212451,-
WBGene00013761,V,20213821,20215297,-
WBGene00013764,V,20228966,20233843,-
WBGene00013768,V,20234807,20237743,-
WBGene00004203,V,20239180,20249482,-
WBGene00007017,V,20250881,20267244,-
WBGene00013766,V,20267377,20269711,-
WBGene00013765,V,20270107,20275732,+
WBGene00004173,V,20278160,20279861,-
WBGene00013835,V,20281391,20289417,-
WBGene00013834,V,20289939,20294488,-
WBGene00013833,V,20297950,20299524,+
WBGene00013832,V,20303588,20304908,+
WBGene00013830,V,20306103,20308919,+
WBGene00045050,V,20310148,20311656,+
WBGene00013831,V,20311819,20315628,+
WBGene00013771,V,20317742,20324024,+
WBGene00012612,V,20325728,20328056,+
WBGene00077669,V,20329705,20335364,-
WBGene00012614,V,20345203,20348127,+
WBGene00010506,V,20351500,20354905,+
WBGene00001700,V,20356802,20365718,+
WBGene00010509,V,20365708,20366939,-
WBGene00005392,V,20367480,20369253,-
WBGene00002118,V,20375536,20376301,+
WBGene00010507,V,20380561,20382036,+
WBGene00185118,V,20383359,20384396,+
WBGene00010508,V,20384769,20391009,-
WBGene00010004,V,20387715,20393367,+
WBGene00010005,V,20394073,20394700,+
WBGene00010006,V,20396078,20422035,-
WBGene00001406,V,20425301,20431337,+
WBGene00009848,V,20448288,20453202,-
WBGene00005147,V,20454111,20456433,+
WBGene00206505,V,20456846,20457254,-
WBGene00007125,V,20469703,20470485,-
WBGene00007124,V,20473022,20476061,-
WBGene00007119,V,20476748,20479089,-
WBGene00004413,V,20479689,20480846,+
WBGene00007126,V,20480792,20485385,-
WBGene00007127,V,20487645,20489202,-
WBGene00007123,V,20490771,20492485,-
WBGene00007122,V,20493924,20497348,+
WBGene00012615,V,20497922,20499103,-
WBGene00012616,V,20499899,20500494,-
WBGene00005812,V,20500812,20503228,-
WBGene00012617,V,20504875,20505097,-
WBGene00012618,V,20506503,20509508,+
WBGene00012621,V,20514637,20515706,+
WBGene00194744,V,20519227,20520062,+
WBGene00012622,V,20520250,20522270,-
WBGene00012624,V,20522621,20524512,+
WBGene00005382,V,20524700,20525866,-
WBGene00194689,V,20526453,20526737,+
WBGene00012625,V,20527793,20529260,+
WBGene00012626,V,20529953,20534169,-
WBGene00012627,V,20534774,20536308,-
WBGene00012628,V,20536430,20538155,-
WBGene00012629,V,20540395,20544192,-
WBGene00012630,V,20546626,20547148,-
WBGene00012632,V,20547261,20551164,-
WBGene00012631,V,20552294,20553071,-
WBGene00012633,V,20554116,20555267,-
WBGene00012634,V,20555629,20556360,-
WBGene00000015,V,20557945,20558379,-
WBGene00009166,V,20559080,20561895,-
WBGene00009167,V,20562662,20563003,+
WBGene00219309,V,20564383,20564666,+
WBGene00009168,V,20565410,20566541,-
WBGene00050959,V,20567575,20567916,+
WBGene00009169,V,20569295,20570191,+
WBGene00009170,V,20573717,20574000,+
WBGene00009171,V,20574625,20577636,+
WBGene00023504,V,20579546,20580678,+
WBGene00009172,V,20580996,20590321,+
WBGene00138719,V,20593262,20594846,-
WBGene00195158,V,20595426,20595730,-
WBGene00009756,V,20596210,20597244,-
WBGene00000736,V,20600095,20602474,+
WBGene00009758,V,20603366,20604378,+
WBGene00050892,V,20605105,20606331,+
WBGene00195243,V,20606423,20606717,-
WBGene00009759,V,20607804,20608559,-
WBGene00001691,V,20609794,20613929,+
WBGene00009760,V,20618120,20618656,-
WBGene00009761,V,20622650,20623160,-
WBGene00009762,V,20625186,20626143,-
WBGene00009763,V,20626711,20628206,+
WBGene00009765,V,20630148,20631329,-
WBGene00009766,V,20632985,20633689,-
WBGene00009767,V,20634462,20635313,+
WBGene00012849,V,20635943,20636576,-
WBGene00012848,V,20636864,20638444,-
WBGene00012846,V,20639594,20641049,+
WBGene00012847,V,20642289,20644356,+
WBGene00012184,V,20654652,20659742,+
WBGene00012185,V,20660325,20662031,+
WBGene00012186,V,20667209,20678513,+
WBGene00009999,V,20681420,20683014,+
WBGene00009998,V,20685683,20688770,+
WBGene00010000,V,20688734,20689532,-
WBGene00010001,V,20690582,20691685,-
WBGene00077786,V,20694784,20698278,-
WBGene00010002,V,20700340,20704048,-
WBGene00010003,V,20708728,20709794,+
WBGene00012850,V,20713920,20716872,+
WBGene00012319,V,20717872,20729271,-
WBGene00012851,V,20722234,20723732,+
WBGene00001043,V,20729948,20744385,-
WBGene00012318,V,20732087,20733206,+
WBGene00012321,V,20734983,20736149,+
WBGene00004013,V,20752883,20760317,+
WBGene00001248,V,20764955,20770161,-
WBGene00086569,V,20772516,20773747,-
WBGene00009528,V,20773743,20775369,-
WBGene00001851,V,20780413,20785259,+
WBGene00012852,V,20787416,20787623,-
WBGene00012853,V,20789471,20790784,+
WBGene00012854,V,20790768,20792413,-
WBGene00004748,V,20798218,20801207,+
WBGene00012855,V,20801184,20803006,-
WBGene00012856,V,20807338,20812303,+
WBGene00077681,V,20814759,20815896,+
WBGene00011394,V,20816142,20816553,+
WBGene00011393,V,20816576,20820330,-
WBGene00001547,V,20820366,20825028,-
WBGene00001723,V,20825559,20827740,+
WBGene00011392,V,20827715,20828939,-
WBGene00003830,V,20829811,20837552,+
WBGene00011391,V,20838080,20838768,+
WBGene00009289,V,20838865,20841582,+
WBGene00009290,V,20841573,20845546,-
WBGene00001431,V,20846113,20847727,+
WBGene00009291,V,20847702,20850666,-
WBGene00009294,V,20850833,20851897,-
WBGene00009292,V,20854143,20858576,+
WBGene00006622,V,20859344,20861153,-
WBGene00006687,V,20862969,20865743,+
WBGene00009293,V,20866749,20868429,-
WBGene00006812,V,20879854,20898906,+
WBGene00000139,V,20898840,20903441,-
WBGene00009106,V,20903977,20907433,+
WBGene00044187,V,20910467,20914387,+
WBGene00012857,V,20915486,20922738,+
WBGene00022203,X,42728,46924,-
WBGene00022221,X,47766,48733,+
WBGene00022219,X,48483,60774,+
WBGene00022218,X,78429,80400,+
WBGene00022206,X,95959,104777,-
WBGene00022207,X,106971,109378,-
WBGene00022217,X,114700,116814,+
WBGene00045295,X,117388,119143,+
WBGene00022216,X,119803,121146,+
WBGene00022215,X,131022,132689,+
WBGene00022209,X,135793,138075,-
WBGene00022210,X,140434,140683,-
WBGene00022213,X,146463,148812,+
WBGene00011606,X,162529,163134,-
WBGene00011609,X,177396,177856,+
WBGene00011610,X,178242,179376,+
WBGene00011611,X,179786,182169,-
WBGene00011612,X,182691,191193,+
WBGene00011613,X,192834,197901,+
WBGene00022223,X,209108,211241,-
WBGene00022225,X,211441,211676,+
WBGene00022224,X,214697,215575,-
WBGene00007076,X,226651,227394,-
WBGene00007075,X,228080,229761,-
WBGene00007079,X,230433,231363,+
WBGene00043989,X,236067,236810,-
WBGene00043988,X,237496,239177,-
WBGene00043990,X,239849,240779,+
WBGene00022431,X,256210,260110,+
WBGene00022433,X,270408,274012,-
WBGene00022429,X,274498,277897,+
WBGene00021615,X,283125,286524,-
WBGene00020083,X,297234,299287,+
WBGene00020082,X,301832,308298,+
WBGene00019734,X,308762,311323,-
WBGene00023458,X,322523,323214,+
WBGene00019733,X,326113,334600,+
WBGene00015431,X,334580,341232,-
WBGene00015430,X,344127,346289,-
WBGene00015429,X,353619,357939,+
WBGene00015428,X,358092,360198,+
WBGene00045270,X,360779,362938,+
WBGene00019862,X,372235,376900,+
WBGene00019863,X,377133,380605,-
WBGene00002060,X,381338,382709,-
WBGene00019864,X,384382,388797,-
WBGene00195183,X,389516,390551,-
WBGene00044281,X,391360,394828,-
WBGene00019865,X,397567,400687,+
WBGene00019861,X,404897,405357,+
WBGene00022858,X,406459,425679,-
WBGene00000608,X,421707,423033,+
WBGene00022861,X,427043,433799,-
WBGene00018683,X,446356,450212,-
WBGene00004127,X,450446,457648,-
WBGene00018682,X,460651,466912,+
WBGene00044556,X,476561,478283,+
WBGene00000484,X,481378,486504,+
WBGene00001185,X,489695,492273,+
WBGene00015137,X,493211,497510,+
WBGene00015138,X,501965,506943,-
WBGene00015139,X,510818,520880,-
WBGene00015141,X,525929,530289,-
WBGene00015142,X,530551,531009,-
WBGene00017898,X,531841,535834,-
WBGene00017899,X,537303,538910,-
WBGene00017896,X,543107,544256,+
WBGene00019014,X,549363,551392,-
WBGene00194687,X,553340,555529,-
WBGene00001962,X,555788,557191,-
WBGene00003554,X,558141,563657,+
WBGene00003408,X,563719,572701,-
WBGene00003407,X,576318,587483,-
WBGene00017423,X,593960,596289,+
WBGene00017424,X,596314,599553,-
WBGene00017422,X,602172,604922,+
WBGene00017426,X,604872,608492,-
WBGene00006825,X,611120,621290,-
WBGene00019776,X,629188,632868,+
WBGene00004011,X,633703,636993,-
WBGene00206478,X,640833,641563,-
WBGene00002056,X,642156,654903,-
WBGene00020571,X,656188,658511,+
WBGene00020572,X,658477,661777,-
WBGene00020573,X,664714,666300,-
WBGene00020574,X,669684,670800,-
WBGene00020569,X,673027,676484,+
WBGene00020575,X,676435,680419,-
WBGene00021185,X,681129,682780,-
WBGene00017184,X,692978,703036,+
WBGene00002150,X,703029,714478,-
WBGene00019722,X,706817,707540,+
WBGene00004829,X,720330,725957,-
WBGene00015364,X,731160,735672,-
WBGene00000086,X,751211,759732,-
WBGene00001127,X,763769,766713,+
WBGene00020216,X,767023,768069,-
WBGene00002071,X,768596,770776,+
WBGene00020218,X,770833,771882,+
WBGene00020215,X,772353,775371,+
WBGene00003534,X,777721,780514,+
WBGene00020217,X,780528,785624,-
WBGene00020214,X,788353,796142,+
WBGene00017779,X,802796,804264,+
WBGene00017780,X,806993,810794,-
WBGene00017781,X,811173,813163,-
WBGene00002058,X,813852,815929,-
WBGene00000899,X,817927,825475,-
WBGene00018213,X,830258,833760,+
WBGene00018212,X,834778,837758,+
WBGene00018214,X,838144,841493,-
WBGene00018215,X,845731,851516,-
WBGene00018985,X,859948,862459,+
WBGene00018986,X,862268,863851,-
WBGene00018987,X,864925,871089,-
WBGene00018984,X,872517,875948,+
WBGene00022502,X,877239,879881,+
WBGene00022503,X,880629,883049,+
WBGene00022504,X,882967,888394,-
WBGene00003104,X,892228,898117,-
WBGene00044557,X,899508,902599,-
WBGene00018078,X,913290,914853,+
WBGene00004769,X,915874,918290,+
WBGene00018077,X,918353,920193,+
WBGene00018076,X,920200,924511,-
WBGene00018075,X,924964,932255,+
WBGene00018074,X,933774,937807,+
WBGene00018779,X,938516,942608,+
WBGene00004893,X,944826,948883,-
WBGene00000195,X,950782,954233,+
WBGene00000164,X,954839,957762,+
WBGene00016642,X,957881,960568,+
WBGene00003563,X,960569,963202,-
WBGene00016645,X,969074,970270,-
WBGene00016643,X,970583,974816,-
WBGene00016644,X,975525,978445,-
WBGene00016641,X,980776,983030,+
WBGene00000958,X,984581,991456,-
WBGene00018861,X,1004337,1009412,+
WBGene00018854,X,1012731,1017567,-
WBGene00018855,X,1023477,1023780,-
WBGene00018857,X,1027673,1035286,-
WBGene00018853,X,1035548,1037046,+
WBGene00018859,X,1037023,1038447,-
WBGene00018860,X,1038514,1046206,-
WBGene00003565,X,1054081,1056843,+
WBGene00006741,X,1057487,1062447,-
WBGene00019364,X,1066789,1069033,-
WBGene00002988,X,1073908,1079451,+
WBGene00003991,X,1079446,1080653,-
WBGene00019365,X,1084214,1088148,-
WBGene00018634,X,1095547,1097013,-
WBGene00004377,X,1097152,1103320,+
WBGene00002062,X,1104212,1106247,+
WBGene00015473,X,1107969,1110110,+
WBGene00015472,X,1111903,1116794,+
WBGene00015474,X,1117192,1119405,-
WBGene00015476,X,1122422,1124308,-
WBGene00015471,X,1125170,1128288,+
WBGene00004927,X,1128986,1132925,+
WBGene00020128,X,1132993,1148585,-
WBGene00020129,X,1151547,1153545,-
WBGene00020127,X,1154948,1155613,+
WBGene00020490,X,1163153,1177172,+
WBGene00020489,X,1180284,1187932,+
WBGene00020491,X,1188453,1190752,-
WBGene00020488,X,1193148,1193858,+
WBGene00020492,X,1195108,1198481,-
WBGene00020494,X,1202606,1203763,-
WBGene00016724,X,1209411,1210683,+
WBGene00016725,X,1211760,1230758,-
WBGene00016108,X,1233093,1238903,-
WBGene00006635,X,1245984,1247892,+
WBGene00016109,X,1247833,1249838,-
WBGene00016110,X,1251998,1255629,-
WBGene00016107,X,1270898,1272561,+
WBGene00016874,X,1272788,1275416,+
WBGene00016873,X,1285209,1285863,+
WBGene00016872,X,1295278,1298823,+
WBGene00016871,X,1300149,1309504,+
WBGene00019272,X,1311605,1316634,+
WBGene00003965,X,1321353,1327985,+
WBGene00017666,X,1328143,1329947,-
WBGene00017667,X,1335363,1336915,-
WBGene00017668,X,1343837,1344410,-
WBGene00017670,X,1355556,1356482,-
WBGene00018940,X,1357771,1358532,-
WBGene00018941,X,1359720,1362036,-
WBGene00018942,X,1362816,1363997,-
WBGene00018943,X,1365474,1367516,-
WBGene00018944,X,1370543,1370786,-
WBGene00018939,X,1372012,1374630,+
WBGene00044558,X,1381375,1381665,-
WBGene00018945,X,1384318,1384638,-
WBGene00018938,X,1386248,1388160,+
WBGene00018946,X,1391800,1393991,-
WBGene00019267,X,1396353,1396551,-
WBGene00022731,X,1398824,1400751,-
WBGene00022730,X,1402217,1402860,+
WBGene00022729,X,1403744,1404117,+
WBGene00022728,X,1404271,1406101,+
WBGene00000025,X,1408836,1410652,-
WBGene00005244,X,1413144,1416545,+
WBGene00017612,X,1417304,1417477,+
WBGene00195184,X,1417749,1418621,+
WBGene00195185,X,1419503,1420122,+
WBGene00017611,X,1425727,1426164,+
WBGene00195188,X,1426337,1426525,-
WBGene00017610,X,1427774,1430871,+
WBGene00017609,X,1431007,1431486,+
WBGene00021045,X,1435098,1435916,+
WBGene00021046,X,1439261,1440261,-
WBGene00021047,X,1440366,1446643,-
WBGene00021044,X,1450768,1452306,+
WBGene00016997,X,1452695,1454000,-
WBGene00016996,X,1459047,1462793,+
WBGene00017000,X,1463110,1464799,-
WBGene00016999,X,1470998,1472919,-
WBGene00016995,X,1479542,1484398,+
WBGene00016998,X,1484853,1485818,-
WBGene00206384,X,1485906,1486185,-
WBGene00000988,X,1486473,1489326,+
WBGene00017295,X,1489672,1494356,-
WBGene00017296,X,1495074,1497681,-
WBGene00017297,X,1500180,1501852,-
WBGene00017294,X,1502860,1503278,+
WBGene00017298,X,1510480,1521487,-
WBGene00019437,X,1534420,1536013,-
WBGene00019436,X,1536366,1540287,+
WBGene00019435,X,1547505,1560124,+
WBGene00019146,X,1568678,1572854,+
WBGene00019145,X,1573220,1574010,+
WBGene00006955,X,1576637,1591296,+
WBGene00019188,X,1604906,1619115,+
WBGene00019187,X,1621481,1625247,+
WBGene00019186,X,1628137,1629454,+
WBGene00022723,X,1630615,1635727,+
WBGene00044559,X,1647991,1649237,-
WBGene00022724,X,1651419,1653897,-
WBGene00006551,X,1655522,1656936,+
WBGene00043469,X,1664855,1665025,-
WBGene00019991,X,1667019,1668848,-
WBGene00006550,X,1671148,1674165,-
WBGene00016486,X,1676205,1678121,-
WBGene00016485,X,1682954,1686419,+
WBGene00044560,X,1690039,1691512,-
WBGene00016487,X,1693883,1696979,-
WBGene00016488,X,1699788,1703938,-
WBGene00017224,X,1706370,1706638,-
WBGene00017225,X,1710293,1711212,-
WBGene00044583,X,1714351,1715487,+
WBGene00017226,X,1716442,1718568,-
WBGene00017227,X,1720093,1720428,-
WBGene00017223,X,1723092,1724888,+
WBGene00017222,X,1727356,1729154,+
WBGene00017221,X,1729858,1731819,+
WBGene00045271,X,1737906,1739229,+
WBGene00022291,X,1742848,1743523,+
WBGene00022292,X,1745096,1746217,-
WBGene00044561,X,1748403,1748576,-
WBGene00022290,X,1756417,1757788,+
WBGene00001237,X,1777355,1778146,-
WBGene00017942,X,1779388,1780527,+
WBGene00000185,X,1786907,1788405,+
WBGene00206378,X,1801456,1805087,+
WBGene00015772,X,1810686,1811536,-
WBGene00044562,X,1816361,1816762,+
WBGene00015773,X,1818865,1821324,-
WBGene00015774,X,1823616,1825340,-
WBGene00015770,X,1826466,1827354,+
WBGene00015775,X,1827738,1828487,-
WBGene00020829,X,1834445,1839024,-
WBGene00020828,X,1836337,1837368,+
WBGene00020830,X,1840554,1845565,-
WBGene00000462,X,1846608,1848675,-
WBGene00000444,X,1848795,1852736,-
WBGene00194679,X,1852845,1853802,-
WBGene00000460,X,1853874,1856189,-
WBGene00044563,X,1860722,1863543,+
WBGene00006560,X,1865246,1866638,+
WBGene00015118,X,1892187,1893272,+
WBGene00015117,X,1896662,1897343,-
WBGene00022508,X,1910943,1913357,-
WBGene00004352,X,1915258,1917162,+
WBGene00022512,X,1917437,1919755,+
WBGene00022509,X,1923723,1924238,-
WBGene00022511,X,1925750,1937689,+
WBGene00021987,X,1937947,1942199,-
WBGene00021988,X,1943950,1945031,-
WBGene00018684,X,1949161,1950728,-
WBGene00004351,X,1952479,1953560,-
WBGene00018691,X,1955550,1956824,+
WBGene00018689,X,1962573,1966188,+
WBGene00006139,X,1969875,1972657,+
WBGene00018687,X,1973796,1974523,-
WBGene00018688,X,1976115,1976701,+
WBGene00219451,X,1978014,1980938,+
WBGene00018690,X,1983714,1984833,+
WBGene00001569,X,1986429,1989607,-
WBGene00021484,X,1990734,1992649,+
WBGene00021485,X,1995731,1998112,-
WBGene00022419,X,2013151,2018062,+
WBGene00022413,X,2019148,2025737,+
WBGene00022412,X,2026642,2031010,+
WBGene00022415,X,2030959,2031588,-
WBGene00022416,X,2031963,2035245,-
WBGene00022417,X,2035943,2038220,-
WBGene00022418,X,2039397,2046360,-
WBGene00022411,X,2051907,2054048,+
WBGene00044753,X,2065038,2066567,+
WBGene00018657,X,2066554,2070441,-
WBGene00018656,X,2074448,2075944,+
WBGene00018655,X,2079836,2081487,+
WBGene00018654,X,2084375,2085057,+
WBGene00018653,X,2086057,2086730,+
WBGene00003087,X,2089659,2093253,+
WBGene00000737,X,2093475,2094842,+
WBGene00020645,X,2095370,2096058,-
WBGene00018736,X,2105629,2107170,+
WBGene00018735,X,2108982,2111441,+
WBGene00018737,X,2111397,2113103,-
WBGene00018738,X,2114629,2118257,-
WBGene00001667,X,2118894,2121061,-
WBGene00018739,X,2123413,2130241,-
WBGene00044565,X,2131686,2131844,-
WBGene00001065,X,2144605,2145647,-
WBGene00018591,X,2147614,2149252,-
WBGene00018590,X,2163384,2164069,+
WBGene00018589,X,2165109,2173849,+
WBGene00018593,X,2173890,2176411,-
WBGene00018587,X,2180888,2185854,+
WBGene00001515,X,2192504,2195348,+
WBGene00020765,X,2196525,2203961,-
WBGene00020764,X,2199145,2201153,+
WBGene00020766,X,2204050,2205063,-
WBGene00003968,X,2215630,2218980,+
WBGene00020509,X,2221150,2226620,+
WBGene00003018,X,2229208,2230122,-
WBGene00020508,X,2234321,2236706,+
WBGene00020507,X,2237911,2240255,+
WBGene00004423,X,2241738,2242618,-
WBGene00014998,X,2243602,2247008,-
WBGene00000797,X,2255852,2258101,-
WBGene00014999,X,2259150,2260526,-
WBGene00044701,X,2263176,2267472,-
WBGene00015000,X,2271025,2274337,-
WBGene00020427,X,2283998,2287188,-
WBGene00020426,X,2294750,2298193,+
WBGene00002039,X,2303082,2314914,+
WBGene00020135,X,2314896,2319333,-
WBGene00020134,X,2335684,2348635,+
WBGene00020136,X,2337656,2338306,-
WBGene00003760,X,2341359,2342089,-
WBGene00003761,X,2342458,2342967,-
WBGene00003740,X,2343947,2344766,-
WBGene00020767,X,2360097,2364818,+
WBGene00020769,X,2365700,2365942,-
WBGene00018578,X,2375997,2379060,+
WBGene00194641,X,2381581,2382335,+
WBGene00018576,X,2385765,2392695,+
WBGene00016619,X,2395505,2398826,+
WBGene00016620,X,2398812,2402057,-
WBGene00016617,X,2404024,2407364,+
WBGene00016616,X,2407467,2409567,+
WBGene00016614,X,2409570,2412966,+
WBGene00001959,X,2412953,2413377,-
WBGene00001618,X,2413909,2419877,-
WBGene00001551,X,2420462,2427504,-
WBGene00020301,X,2429862,2439158,-
WBGene00020302,X,2442970,2443404,-
WBGene00001484,X,2445500,2455949,-
WBGene00019866,X,2467347,2471308,-
WBGene00019867,X,2471540,2473718,-
WBGene00019868,X,2473758,2476030,-
WBGene00019319,X,2477107,2478765,-
WBGene00019320,X,2480755,2482911,-
WBGene00019318,X,2483263,2488296,+
WBGene00001844,X,2489044,2494339,+
WBGene00019317,X,2496180,2501001,+
WBGene00019321,X,2501003,2508549,-
WBGene00006365,X,2509608,2515317,-
WBGene00044061,X,2525191,2532457,-
WBGene00018715,X,2540066,2541053,-
WBGene00018716,X,2543391,2548028,-
WBGene00000004,X,2552436,2557726,+
WBGene00018717,X,2557976,2559638,-
WBGene00018718,X,2559727,2564147,-
WBGene00206381,X,2565415,2565973,+
WBGene00018719,X,2566557,2572653,-
WBGene00018714,X,2572863,2576697,+
WBGene00045268,X,2577742,2578262,+
WBGene00019143,X,2578211,2580574,-
WBGene00019144,X,2584539,2585739,-
WBGene00003630,X,2594003,2606732,+
WBGene00020194,X,2608228,2609989,+
WBGene00020195,X,2610826,2615726,-
WBGene00018837,X,2621274,2664373,-
WBGene00018838,X,2634664,2637800,-
WBGene00015621,X,2668127,2670590,+
WBGene00004780,X,2673471,2682379,+
WBGene00020511,X,2682754,2687184,-
WBGene00020510,X,2688945,2692022,+
WBGene00020158,X,2694908,2698273,+
WBGene00020160,X,2698257,2705859,-
WBGene00006742,X,2710918,2748114,-
WBGene00018888,X,2769588,2770060,-
WBGene00006496,X,2772042,2799247,+
WBGene00015748,X,2803112,2804830,+
WBGene00015750,X,2805075,2807528,-
WBGene00050944,X,2807911,2809635,-
WBGene00015751,X,2810484,2814125,-
WBGene00006632,X,2820431,2822433,+
WBGene00006055,X,2823501,2826827,-
WBGene00022201,X,2834222,2840292,-
WBGene00002210,X,2843922,2852520,-
WBGene00018740,X,2853678,2857603,-
WBGene00018741,X,2858022,2862472,-
WBGene00018744,X,2864211,2865683,+
WBGene00018742,X,2865960,2871060,-
WBGene00018743,X,2872739,2879619,-
WBGene00015171,X,2885863,2890625,+
WBGene00015172,X,2890612,2891491,-
WBGene00044304,X,2892484,2898356,-
WBGene00015170,X,2894573,2895244,+
WBGene00003776,X,2909536,2918038,+
WBGene00044303,X,2918730,2923984,-
WBGene00022200,X,2933361,2937740,+
WBGene00022199,X,2940872,2945481,+
WBGene00044901,X,2945803,2946570,-
WBGene00021529,X,2946667,2949025,+
WBGene00021528,X,2957934,2968167,+
WBGene00021527,X,2976457,2981008,+
WBGene00021526,X,2982056,2984125,+
WBGene00003885,X,2984278,2991375,+
WBGene00021530,X,2998303,3003803,-
WBGene00021656,X,3009499,3010175,+
WBGene00001461,X,3012190,3018555,-
WBGene00000175,X,3025505,3026976,+
WBGene00019735,X,3027253,3030762,-
WBGene00019738,X,3031723,3033203,+
WBGene00019736,X,3033325,3034303,-
WBGene00016343,X,3036427,3045806,-
WBGene00006679,X,3050365,3054585,-
WBGene00016344,X,3055257,3059385,-
WBGene00000451,X,3063585,3065551,+
WBGene00000452,X,3068650,3070396,-
WBGene00006670,X,3081125,3085336,+
WBGene00018702,X,3085829,3087345,-
WBGene00018701,X,3089496,3092457,+
WBGene00006948,X,3092395,3094448,-
WBGene00018703,X,3095434,3099837,-
WBGene00018704,X,3100166,3102279,-
WBGene00019611,X,3103250,3106279,-
WBGene00019612,X,3106543,3110630,-
WBGene00001685,X,3112083,3113382,-
WBGene00001684,X,3113434,3114771,-
WBGene00003124,X,3114668,3116538,-
WBGene00004951,X,3117439,3127073,-
WBGene00019609,X,3135486,3136663,+
WBGene00015790,X,3146573,3147088,+
WBGene00015791,X,3151148,3152461,-
WBGene00002220,X,3159940,3164424,+
WBGene00015789,X,3164525,3165650,+
WBGene00015793,X,3165796,3167579,+
WBGene00015792,X,3167570,3170556,-
WBGene00002217,X,3171424,3178695,-
WBGene00001400,X,3196307,3199321,-
WBGene00017890,X,3205078,3205835,+
WBGene00017893,X,3206818,3209644,-
WBGene00017891,X,3210470,3220367,-
WBGene00017892,X,3227489,3235408,-
WBGene00018237,X,3235768,3243624,-
WBGene00018238,X,3243886,3245980,-
WBGene00004124,X,3247045,3250529,-
WBGene00006535,X,3252963,3256265,+
WBGene00002255,X,3257010,3258155,+
WBGene00002253,X,3259087,3259855,+
WBGene00002254,X,3260610,3261470,+
WBGene00018236,X,3262900,3264161,+
WBGene00006308,X,3267294,3270906,-
WBGene00019553,X,3271353,3271773,-
WBGene00019552,X,3272730,3273155,+
WBGene00019551,X,3274757,3275768,+
WBGene00019554,X,3276020,3280230,-
WBGene00019550,X,3282602,3285721,+
WBGene00019549,X,3289485,3292412,+
WBGene00019548,X,3296482,3297993,+
WBGene00019547,X,3298832,3301637,+
WBGene00017382,X,3302070,3303927,+
WBGene00043980,X,3304026,3306939,+
WBGene00017381,X,3315321,3324229,+
WBGene00017383,X,3325166,3326275,-
WBGene00017380,X,3333130,3347302,+
WBGene00022826,X,3348121,3348642,+
WBGene00022827,X,3348878,3350401,-
WBGene00022825,X,3359062,3360656,+
WBGene00000989,X,3360722,3362493,-
WBGene00022767,X,3368959,3373217,+
WBGene00000524,X,3373247,3374740,-
WBGene00022769,X,3376874,3379234,-
WBGene00044355,X,3380480,3382838,+
WBGene00022770,X,3382868,3385547,-
WBGene00006865,X,3393864,3397656,+
WBGene00000503,X,3397613,3400017,-
WBGene00006929,X,3403471,3408603,+
WBGene00006810,X,3408664,3411683,-
WBGene00000990,X,3412876,3414708,-
WBGene00195081,X,3416888,3419213,-
WBGene00044564,X,3424816,3427337,+
WBGene00022823,X,3427372,3430120,-
WBGene00022822,X,3441839,3442458,+
WBGene00022821,X,3443782,3444420,+
WBGene00045394,X,3444802,3445283,+
WBGene00022820,X,3446311,3448253,+
WBGene00022824,X,3448744,3451222,-
WBGene00004729,X,3451945,3465925,-
WBGene00006952,X,3480251,3483649,+
WBGene00015715,X,3486309,3486838,-
WBGene00015714,X,3489293,3491155,+
WBGene00001620,X,3496026,3499165,+
WBGene00015713,X,3499253,3505251,+
WBGene00015716,X,3505286,3511529,-
WBGene00006864,X,3528812,3531826,+
WBGene00018937,X,3531841,3532811,-
WBGene00006863,X,3537641,3540940,+
WBGene00004350,X,3542558,3557599,+
WBGene00006928,X,3558839,3563974,-
WBGene00006927,X,3567355,3572549,-
WBGene00020845,X,3573051,3573562,-
WBGene00000515,X,3576608,3578830,+
WBGene00020844,X,3585911,3586835,+
WBGene00020846,X,3588858,3596497,-
WBGene00020847,X,3597276,3600475,-
WBGene00015954,X,3601800,3604360,+
WBGene00015955,X,3604291,3605741,-
WBGene00015956,X,3606668,3611092,-
WBGene00015957,X,3613353,3617378,-
WBGene00015953,X,3623522,3628359,+
WBGene00015952,X,3628316,3630884,+
WBGene00001759,X,3632367,3633747,-
WBGene00020012,X,3639189,3644896,-
WBGene00004727,X,3646320,3650150,-
WBGene00020011,X,3652017,3655419,+
WBGene00044725,X,3656272,3657265,+
WBGene00020010,X,3659492,3666879,+
WBGene00015354,X,3668100,3668942,-
WBGene00015355,X,3670374,3672098,-
WBGene00045215,X,3672378,3673918,-
WBGene00006431,X,3674041,3678557,-
WBGene00006643,X,3681170,3684232,+
WBGene00015356,X,3684212,3689205,-
WBGene00015357,X,3690143,3693238,-
WBGene00015358,X,3696903,3700807,+
WBGene00015293,X,3706551,3713382,+
WBGene00015292,X,3716314,3718566,+
WBGene00003739,X,3727553,3728446,+
WBGene00006454,X,3729281,3731960,+
WBGene00006408,X,3731894,3733457,-
WBGene00001434,X,3740208,3742323,-
WBGene00235110,X,3756967,3758439,-
WBGene00020515,X,3758699,3759445,-
WBGene00219411,X,3760949,3762547,-
WBGene00018534,X,3763057,3764395,-
WBGene00018535,X,3765324,3766626,-
WBGene00018536,X,3767795,3768817,-
WBGene00018537,X,3769731,3770643,-
WBGene00018533,X,3772763,3778080,+
WBGene00018538,X,3778091,3781118,-
WBGene00018532,X,3788026,3788532,+
WBGene00018026,X,3789757,3792815,-
WBGene00018027,X,3793912,3795395,-
WBGene00000033,X,3798179,3799741,+
WBGene00001335,X,3800045,3802771,-
WBGene00018025,X,3805084,3805749,+
WBGene00018024,X,3807460,3816429,+
WBGene00001441,X,3816851,3826963,-
WBGene00019359,X,3827231,3829300,-
WBGene00022515,X,3840869,3842468,-
WBGene00000441,X,3843367,3857797,-
WBGene00002987,X,3869753,3873295,-
WBGene00018569,X,3879782,3893309,+
WBGene00018570,X,3885440,3887559,-
WBGene00018571,X,3893964,3895677,-
WBGene00006321,X,3904591,3907671,+
WBGene00020669,X,3908144,3911380,-
WBGene00020670,X,3914765,3915848,-
WBGene00020667,X,3917301,3919835,+
WBGene00020666,X,3921068,3923233,+
WBGene00020665,X,3926081,3929576,+
WBGene00020567,X,3931631,3937897,+
WBGene00020568,X,3939401,3940092,+
WBGene00004184,X,3940141,3943313,-
WBGene00003007,X,3958497,3961907,+
WBGene00015822,X,3961930,3966432,-
WBGene00015823,X,3968036,3968637,-
WBGene00015824,X,3970389,3973634,-
WBGene00019829,X,3997340,3999341,+
WBGene00019828,X,4003532,4007634,+
WBGene00019830,X,4008058,4016185,-
WBGene00019827,X,4012219,4021956,+
WBGene00000049,X,4022273,4025584,+
WBGene00020294,X,4056835,4071493,-
WBGene00044566,X,4078236,4081045,-
WBGene00000531,X,4094867,4100573,-
WBGene00044724,X,4101687,4102125,-
WBGene00019826,X,4103447,4104521,-
WBGene00044021,X,4107476,4110496,+
WBGene00017307,X,4110442,4111474,-
WBGene00017306,X,4115330,4117027,+
WBGene00045395,X,4117951,4119487,+
WBGene00017308,X,4119652,4121016,-
WBGene00017309,X,4121786,4128431,-
WBGene00022745,X,4135133,4147662,+
WBGene00022746,X,4139516,4139767,-
WBGene00006410,X,4148648,4153443,-
WBGene00022744,X,4164302,4166138,+
WBGene00219362,X,4167459,4169791,+
WBGene00022747,X,4176065,4177494,-
WBGene00003412,X,4177917,4186756,-
WBGene00006921,X,4191094,4193144,+
WBGene00017628,X,4194019,4194785,-
WBGene00017629,X,4198791,4199929,-
WBGene00017627,X,4200351,4201550,+
WBGene00017630,X,4201650,4202214,-
WBGene00017632,X,4204602,4206444,-
WBGene00017631,X,4206830,4207477,-
WBGene00001994,X,4210573,4217290,-
WBGene00020922,X,4218279,4218458,-
WBGene00004285,X,4227857,4235846,-
WBGene00018602,X,4246554,4247212,-
WBGene00001957,X,4249249,4250764,+
WBGene00005716,X,4252356,4254174,+
WBGene00006393,X,4255154,4256812,+
WBGene00005717,X,4257061,4259094,+
WBGene00016867,X,4260652,4264591,+
WBGene00016866,X,4265851,4270486,+
WBGene00003179,X,4271169,4274229,-
WBGene00016869,X,4273914,4274750,+
WBGene00006680,X,4274786,4279344,-
WBGene00016865,X,4280980,4284176,+
WBGene00016870,X,4284189,4284901,+
WBGene00000510,X,4286737,4291494,+
WBGene00003907,X,4291475,4297630,-
WBGene00016868,X,4297860,4304398,-
WBGene00004106,X,4303277,4311766,-
WBGene00016037,X,4320863,4327331,+
WBGene00016039,X,4328400,4328916,-
WBGene00044004,X,4330078,4332405,-
WBGene00016038,X,4333150,4336034,-
WBGene00017472,X,4339634,4343702,+
WBGene00017471,X,4344215,4345644,+
WBGene00017470,X,4350498,4352744,+
WBGene00000738,X,4353618,4354820,+
WBGene00017473,X,4357015,4357567,-
WBGene00017474,X,4361927,4362283,-
WBGene00219368,X,4362936,4363315,-
WBGene00017475,X,4363607,4365069,-
WBGene00020120,X,4365305,4366332,-
WBGene00219369,X,4367159,4367514,-
WBGene00020121,X,4368543,4368850,-
WBGene00020122,X,4370014,4370856,-
WBGene00020123,X,4371036,4373211,-
WBGene00020119,X,4376595,4376850,+
WBGene00003084,X,4378004,4383366,-
WBGene00001082,X,4389365,4393796,+
WBGene00017040,X,4403159,4407145,+
WBGene00017477,X,4408089,4409133,+
WBGene00001052,X,4411359,4416079,-
WBGene00017478,X,4430929,4437512,-
WBGene00017476,X,4440941,4441726,+
WBGene00017794,X,4442152,4448383,-
WBGene00017177,X,4454120,4457304,+
WBGene00000157,X,4458272,4459264,+
WBGene00017178,X,4459603,4462609,-
WBGene00017176,X,4466518,4469005,+
WBGene00000207,X,4469743,4471476,+
WBGene00003561,X,4472244,4488851,-
WBGene00023460,X,4491651,4492208,-
WBGene00000959,X,4494914,4504388,-
WBGene00004356,X,4508509,4510960,+
WBGene00005008,X,4514099,4516894,+
WBGene00015561,X,4517748,4521069,-
WBGene00003963,X,4524155,4526536,+
WBGene00003628,X,4532430,4537545,+
WBGene00015560,X,4544876,4545418,+
WBGene00206364,X,4545703,4549948,-
WBGene00001821,X,4554691,4559404,+
WBGene00015495,X,4562163,4562880,+
WBGene00000136,X,4565302,4569393,+
WBGene00000133,X,4571448,4573914,+
WBGene00015494,X,4578249,4581724,+
WBGene00015496,X,4581586,4585679,-
WBGene00015493,X,4586917,4587993,+
WBGene00015492,X,4588768,4590446,+
WBGene00001455,X,4591281,4592404,-
WBGene00020496,X,4596016,4605928,-
WBGene00004148,X,4610926,4620423,-
WBGene00016706,X,4629039,4631838,+
WBGene00016705,X,4632348,4635784,+
WBGene00016704,X,4637242,4643695,+
WBGene00044567,X,4644404,4647192,-
WBGene00017532,X,4647526,4649197,-
WBGene00000428,X,4653434,4654157,-
WBGene00003635,X,4656433,4660318,-
WBGene00017530,X,4668071,4673234,+
WBGene00019345,X,4673706,4677283,+
WBGene00001454,X,4677342,4678129,-
WBGene00206361,X,4680979,4682716,-
WBGene00019346,X,4687763,4691316,-
WBGene00002044,X,4696952,4699461,-
WBGene00000176,X,4702965,4704970,-
WBGene00019344,X,4707188,4709812,+
WBGene00001032,X,4709772,4711744,-
WBGene00018878,X,4712279,4715080,+
WBGene00004438,X,4715178,4715801,+
WBGene00018879,X,4716244,4720640,-
WBGene00018880,X,4722877,4727481,-
WBGene00018877,X,4732964,4738592,+
WBGene00003056,X,4738964,4749083,-
WBGene00016537,X,4754678,4755160,-
WBGene00003377,X,4758804,4761612,-
WBGene00003807,X,4767178,4769985,-
WBGene00018377,X,4777512,4782297,-
WBGene00018376,X,4786118,4790323,+
WBGene00018375,X,4793266,4796158,+
WBGene00003245,X,4796095,4800128,-
WBGene00019960,X,4805998,4811536,-
WBGene00019959,X,4818599,4821708,+
WBGene00019957,X,4822661,4834905,+
WBGene00018193,X,4834881,4853065,-
WBGene00000072,X,4854069,4860036,-
WBGene00044568,X,4866075,4866690,+
WBGene00006640,X,4866684,4874657,-
WBGene00020323,X,4885951,4889575,+
WBGene00020322,X,4890221,4892328,+
WBGene00020321,X,4894055,4896615,+
WBGene00020324,X,4896602,4898163,-
WBGene00019403,X,4907290,4912323,+
WBGene00002052,X,4912308,4915979,-
WBGene00019404,X,4919019,4920988,-
WBGene00003986,X,4921252,4929757,-
WBGene00006475,X,4948049,4955331,+
WBGene00019758,X,4957329,4958067,-
WBGene00000066,X,4960553,4964416,+
WBGene00019759,X,4964413,4969459,-
WBGene00019760,X,4969537,4972281,-
WBGene00022501,X,4972575,4997598,-
WBGene00022500,X,4980512,4993236,+
WBGene00022499,X,4999270,5003515,+
WBGene00022498,X,5005269,5007024,+
WBGene00022616,X,5009300,5011222,+
WBGene00045365,X,5014040,5015452,+
WBGene00195189,X,5016075,5017844,+
WBGene00022613,X,5017924,5021064,+
WBGene00022612,X,5021215,5024258,+
WBGene00022611,X,5024420,5028165,+
WBGene00022614,X,5028184,5029568,-
WBGene00022615,X,5035030,5037773,-
WBGene00022024,X,5043976,5044746,+
WBGene00016070,X,5058367,5058733,-
WBGene00016069,X,5061056,5062209,+
WBGene00016068,X,5064602,5066663,+
WBGene00016067,X,5072019,5074425,+
WBGene00006861,X,5074399,5078120,-
WBGene00016600,X,5079773,5084489,-
WBGene00006862,X,5087840,5092538,+
WBGene00000039,X,5092458,5097067,-
WBGene00006926,X,5101032,5106173,+
WBGene00044299,X,5106260,5107039,-
WBGene00016599,X,5109504,5112452,+
WBGene00000149,X,5112422,5116866,-
WBGene00016292,X,5138991,5146742,+
WBGene00206484,X,5148175,5148891,+
WBGene00001070,X,5148804,5150476,-
WBGene00016293,X,5151547,5154399,-
WBGene00016294,X,5155093,5159667,-
WBGene00017150,X,5163055,5163439,+
WBGene00020197,X,5165395,5168778,+
WBGene00044732,X,5168739,5171119,-
WBGene00020196,X,5174369,5177506,+
WBGene00020199,X,5177519,5179210,-
WBGene00005711,X,5180174,5181495,+
WBGene00044584,X,5183828,5186623,+
WBGene00006983,X,5186921,5189077,-
WBGene00004145,X,5196110,5204250,+
WBGene00019250,X,5205760,5216230,+
WBGene00019249,X,5216363,5219095,+
WBGene00019251,X,5220406,5222042,-
WBGene00003477,X,5234669,5243408,-
WBGene00021323,X,5244317,5246927,+
WBGene00021326,X,5249851,5252787,+
WBGene00021322,X,5253001,5255068,+
WBGene00021325,X,5255194,5256855,+
WBGene00021321,X,5257213,5258384,+
WBGene00021320,X,5264330,5271799,+
WBGene00021324,X,5271780,5275287,-
WBGene00002031,X,5275567,5278813,+
WBGene00021319,X,5279497,5283719,+
WBGene00017974,X,5283831,5289726,+
WBGene00000092,X,5289728,5303512,-
WBGene00017973,X,5298561,5306328,+
WBGene00006064,X,5307489,5323385,-
WBGene00016134,X,5329455,5332339,+
WBGene00016135,X,5332969,5335468,-
WBGene00016133,X,5338273,5340182,+
WBGene00016132,X,5340189,5342202,+
WBGene00016136,X,5342307,5342841,+
WBGene00016131,X,5344520,5348411,+
WBGene00006371,X,5349098,5352423,+
WBGene00003990,X,5353033,5354144,-
WBGene00018037,X,5355638,5364322,-
WBGene00018036,X,5365808,5367619,+
WBGene00002177,X,5368468,5372059,+
WBGene00018038,X,5369316,5372639,-
WBGene00018035,X,5375070,5376911,+
WBGene00018034,X,5377607,5379353,+
WBGene00015387,X,5386248,5394330,+
WBGene00015388,X,5394508,5397400,-
WBGene00015389,X,5397676,5400626,-
WBGene00015390,X,5401437,5406443,-
WBGene00016559,X,5406562,5414350,-
WBGene00016558,X,5413810,5441958,+
WBGene00016106,X,5445163,5448085,+
WBGene00044569,X,5448241,5450010,+
WBGene00016105,X,5450262,5450823,-
WBGene00016104,X,5461256,5466310,+
WBGene00016103,X,5467870,5472684,+
WBGene00001006,X,5479700,5484941,+
WBGene00016102,X,5486487,5488102,+
WBGene00018876,X,5488777,5489111,+
WBGene00018875,X,5489838,5490113,+
WBGene00044623,X,5492915,5496000,+
WBGene00020735,X,5496122,5505248,-
WBGene00020736,X,5511997,5512327,-
WBGene00020737,X,5514798,5515080,-
WBGene00020738,X,5516454,5517162,-
WBGene00016934,X,5519876,5522819,-
WBGene00002983,X,5525199,5538514,-
WBGene00016933,X,5543951,5545529,+
WBGene00016935,X,5545684,5552756,-
WBGene00016518,X,5559021,5561330,+
WBGene00003166,X,5575932,5590815,+
WBGene00006826,X,5593133,5594965,+
WBGene00017464,X,5595778,5599330,-
WBGene00017463,X,5603766,5609133,+
WBGene00006411,X,5609155,5611250,-
WBGene00020658,X,5630248,5631824,+
WBGene00044570,X,5631869,5638096,+
WBGene00020673,X,5638582,5641363,-
WBGene00005718,X,5642911,5644940,-
WBGene00020672,X,5647378,5650213,+
WBGene00020674,X,5651869,5653925,-
WBGene00001182,X,5663837,5674060,+
WBGene00020919,X,5675246,5680225,-
WBGene00020920,X,5680349,5684741,-
WBGene00020918,X,5692399,5694426,+
WBGene00020921,X,5694475,5697308,-
WBGene00000295,X,5705719,5710625,-
WBGene00017108,X,5714279,5717601,+
WBGene00016568,X,5717538,5720268,-
WBGene00004349,X,5720438,5728656,-
WBGene00016570,X,5738761,5743307,-
WBGene00016937,X,5760281,5763392,-
WBGene00016938,X,5766482,5770793,-
WBGene00006368,X,5776251,5778884,+
WBGene00004788,X,5778875,5780758,-
WBGene00018516,X,5783405,5786406,+
WBGene00045269,X,5786493,5787353,+
WBGene00018515,X,5788096,5790345,+
WBGene00018514,X,5791703,5797328,+
WBGene00018517,X,5797313,5798790,-
WBGene00017428,X,5804379,5805922,-
WBGene00001824,X,5822277,5827755,+
WBGene00017427,X,5829376,5832027,+
WBGene00017429,X,5831918,5834858,-
WBGene00021060,X,5838039,5839778,-
WBGene00004245,X,5841592,5845987,+
WBGene00021059,X,5849104,5851971,+
WBGene00001984,X,5851954,5854260,-
WBGene00006424,X,5862708,5873320,+
WBGene00018641,X,5875898,5881716,+
WBGene00001450,X,5885865,5886823,+
WBGene00018640,X,5890380,5894757,+
WBGene00018639,X,5897342,5902152,+
WBGene00019160,X,5904627,5905346,+
WBGene00021267,X,5916135,5917384,-
WBGene00021268,X,5919656,5920494,+
WBGene00001175,X,5931122,5934532,+
WBGene00044571,X,5935780,5937549,+
WBGene00016716,X,5937506,5944510,-
WBGene00003254,X,5945821,5948869,-
WBGene00019938,X,5949529,5953174,-
WBGene00019937,X,5953450,5953815,+
WBGene00019935,X,5959115,5970158,+
WBGene00002190,X,5970677,5977854,-
WBGene00002224,X,5984975,5992103,+
WBGene00017718,X,5992099,5992859,-
WBGene00002125,X,5996156,5998243,+
WBGene00271606,X,5998240,5999469,-
WBGene00017717,X,5999610,6001532,-
WBGene00017716,X,6004482,6007071,+
WBGene00015622,X,6006969,6011310,-
WBGene00015625,X,6015492,6017584,+
WBGene00015623,X,6018442,6019936,-
WBGene00015624,X,6020866,6022569,-
WBGene00002146,X,6031469,6034525,+
WBGene00002023,X,6034463,6039496,-
WBGene00003911,X,6044309,6048610,-
WBGene00016661,X,6053058,6057177,+
WBGene00001602,X,6058255,6060242,+
WBGene00004219,X,6060754,6065986,-
WBGene00001587,X,6070497,6081833,+
WBGene00016660,X,6082960,6083333,+
WBGene00016659,X,6084739,6085189,+
WBGene00016658,X,6086124,6086567,+
WBGene00016662,X,6087985,6088391,+
WBGene00002007,X,6089033,6092124,-
WBGene00015801,X,6093286,6097574,+
WBGene00015800,X,6101158,6105526,+
WBGene00015805,X,6102881,6103432,-
WBGene00015802,X,6106926,6109338,-
WBGene00004193,X,6110754,6113057,-
WBGene00015799,X,6115804,6118051,+
WBGene00015798,X,6118776,6120436,+
WBGene00003778,X,6122315,6127541,+
WBGene00015803,X,6127457,6128326,-
WBGene00022202,X,6129535,6138332,-
WBGene00016423,X,6142546,6150545,-
WBGene00003846,X,6159388,6160523,-
WBGene00020786,X,6169305,6173748,+
WBGene00020785,X,6173956,6175413,+
WBGene00077592,X,6176129,6177154,+
WBGene00194983,X,6178244,6178547,+
WBGene00020484,X,6179241,6180140,+
WBGene00020487,X,6180650,6181425,+
WBGene00020483,X,6185009,6186770,+
WBGene00206360,X,6188148,6189422,+
WBGene00195168,X,6190252,6191210,+
WBGene00020485,X,6191590,6194241,-
WBGene00000905,X,6196927,6200818,+
WBGene00000245,X,6201875,6204922,-
WBGene00077690,X,6205180,6206475,-
WBGene00020486,X,6206581,6207626,-
WBGene00015782,X,6208161,6208563,-
WBGene00015779,X,6208761,6213911,-
WBGene00001803,X,6226131,6230701,-
WBGene00015780,X,6230920,6233048,-
WBGene00002024,X,6233149,6235541,-
WBGene00015781,X,6238021,6239115,-
WBGene00015778,X,6240955,6242709,+
WBGene00021051,X,6263648,6266913,+
WBGene00021049,X,6267043,6271087,+
WBGene00021048,X,6272089,6273768,+
WBGene00000739,X,6279801,6281015,+
WBGene00002976,X,6281847,6291732,-
WBGene00003394,X,6293124,6298195,+
WBGene00020330,X,6300138,6305211,+
WBGene00020420,X,6311715,6314588,+
WBGene00020421,X,6314529,6322819,-
WBGene00000740,X,6323297,6324539,+
WBGene00000741,X,6326191,6327375,+
WBGene00000742,X,6329160,6330127,+
WBGene00000743,X,6331620,6332686,+
WBGene00000744,X,6334298,6335221,+
WBGene00015381,X,6335279,6338035,-
WBGene00015378,X,6341835,6345842,+
WBGene00015379,X,6346359,6347113,-
WBGene00015377,X,6350187,6351876,+
WBGene00015376,X,6355585,6357689,+
WBGene00015380,X,6357747,6357872,-
WBGene00015382,X,6359383,6360758,-
WBGene00015375,X,6364496,6365717,+
WBGene00015374,X,6366013,6366831,+
WBGene00015373,X,6367614,6373157,+
WBGene00015372,X,6374751,6375592,+
WBGene00003053,X,6376459,6377684,-
WBGene00020130,X,6379484,6384845,-
WBGene00020691,X,6385280,6387863,+
WBGene00044572,X,6388255,6391591,-
WBGene00001622,X,6403424,6406981,+
WBGene00003495,X,6408470,6410359,-
WBGene00020690,X,6412886,6413488,+
WBGene00020692,X,6414148,6416400,-
WBGene00206386,X,6420074,6420781,-
WBGene00019617,X,6421036,6430610,-
WBGene00019618,X,6430695,6433788,-
WBGene00045265,X,6436440,6437645,-
WBGene00206388,X,6439702,6440564,-
WBGene00019622,X,6443055,6443473,-
WBGene00019619,X,6444189,6446664,-
WBGene00019620,X,6446649,6448999,-
WBGene00001715,X,6449959,6450939,-
WBGene00019621,X,6451363,6451859,+
WBGene00003551,X,6451800,6455179,-
WBGene00003877,X,6456687,6461767,+
WBGene00019383,X,6462029,6463228,+
WBGene00015784,X,6463412,6465861,+
WBGene00015785,X,6467284,6467562,-
WBGene00044573,X,6468799,6469803,+
WBGene00015786,X,6470366,6473748,-
WBGene00015788,X,6474274,6476645,+
WBGene00015783,X,6476738,6479086,+
WBGene00001517,X,6479447,6484810,-
WBGene00015787,X,6496823,6499836,-
WBGene00000393,X,6499928,6504613,-
WBGene00001619,X,6506884,6509882,+
WBGene00044605,X,6510929,6512195,+
WBGene00017688,X,6512285,6512956,+
WBGene00017687,X,6518883,6522656,+
WBGene00017690,X,6522596,6530148,-
WBGene00017691,X,6533493,6536840,-
WBGene00020505,X,6542992,6543983,+
WBGene00020504,X,6553288,6564207,+
WBGene00043981,X,6559570,6562366,-
WBGene00020506,X,6564175,6569518,-
WBGene00020884,X,6587898,6596135,+
WBGene00020886,X,6596425,6597121,-
WBGene00020887,X,6597918,6598866,-
WBGene00044574,X,6601558,6603212,-
WBGene00000786,X,6607203,6609045,+
WBGene00044297,X,6610054,6615343,+
WBGene00016088,X,6617393,6622915,-
WBGene00002233,X,6619022,6628017,+
WBGene00016090,X,6628041,6631537,-
WBGene00016089,X,6631927,6635035,-
WBGene00003710,X,6636561,6640620,-
WBGene00016976,X,6645654,6651753,+
WBGene00016975,X,6655547,6659966,+
WBGene00003727,X,6661791,6669011,-
WBGene00000745,X,6672830,6674407,+
WBGene00018174,X,6674869,6679848,+
WBGene00044575,X,6680901,6682783,-
WBGene00018175,X,6684440,6690085,-
WBGene00018173,X,6693735,6695662,+
WBGene00018176,X,6695820,6698337,-
WBGene00018172,X,6698533,6700826,+
WBGene00000042,X,6702463,6709142,+
WBGene00000043,X,6709538,6712925,+
WBGene00003530,X,6713577,6716381,+
WBGene00004877,X,6716358,6718670,-
WBGene00004876,X,6719666,6723066,-
WBGene00019656,X,6723500,6725668,-
WBGene00019657,X,6725781,6729748,-
WBGene00019843,X,6729997,6733315,-
WBGene00003163,X,6742351,6743899,+
WBGene00019844,X,6747296,6761738,-
WBGene00002149,X,6766083,6772946,-
WBGene00019226,X,6783157,6784197,+
WBGene00019225,X,6784411,6787296,+
WBGene00019227,X,6787256,6789578,-
WBGene00000216,X,6791064,6792715,+
WBGene00019749,X,6800688,6803700,+
WBGene00019748,X,6809104,6817266,+
WBGene00000991,X,6818438,6820080,+
WBGene00001572,X,6820005,6823268,-
WBGene00018257,X,6823890,6825862,-
WBGene00018258,X,6831251,6835266,-
WBGene00018259,X,6835487,6836115,-
WBGene00001617,X,6836386,6840615,-
WBGene00000210,X,6841258,6842129,+
WBGene00016894,X,6844755,6845976,+
WBGene00016893,X,6846233,6847547,+
WBGene00004370,X,6853618,6860922,+
WBGene00016896,X,6860946,6863414,-
WBGene00003856,X,6864313,6865939,-
WBGene00016895,X,6868632,6868769,-
WBGene00018276,X,6870354,6871670,+
WBGene00018277,X,6870566,6871087,-
WBGene00018278,X,6873359,6874823,-
WBGene00000746,X,6875131,6877536,-
WBGene00018279,X,6880909,6881571,-
WBGene00018280,X,6882493,6885277,-
WBGene00006746,X,6889689,6897147,+
WBGene00017446,X,6898650,6899948,-
WBGene00003987,X,6901378,6903985,+
WBGene00017445,X,6904721,6905849,+
WBGene00003732,X,6914254,6921126,+
WBGene00017449,X,6921646,6924764,-
WBGene00017447,X,6924804,6928704,-
WBGene00017448,X,6929262,6932359,-
WBGene00015866,X,6935732,6939041,+
WBGene00015865,X,6940253,6943713,+
WBGene00002123,X,6943740,6956399,-
WBGene00017156,X,6967369,6974864,+
WBGene00219372,X,6980784,6983132,+
WBGene00219373,X,6989675,6990994,+
WBGene00017154,X,6991727,6994162,+
WBGene00006642,X,6994784,6996620,-
WBGene00017157,X,6996873,7005575,-
WBGene00000283,X,7020033,7023950,+
WBGene00020126,X,7029136,7029638,+
WBGene00020125,X,7030225,7036084,-
WBGene00006712,X,7050577,7055667,+
WBGene00015169,X,7057731,7061190,+
WBGene00015167,X,7061203,7063330,-
WBGene00015168,X,7066345,7068563,-
WBGene00043982,X,7071410,7075337,-
WBGene00016467,X,7083417,7086008,-
WBGene00021150,X,7085367,7085639,+
WBGene00016468,X,7089228,7096449,-
WBGene00016469,X,7097434,7100338,-
WBGene00016466,X,7101777,7102136,+
WBGene00016465,X,7106407,7108436,+
WBGene00016464,X,7112889,7114863,+
WBGene00001841,X,7116205,7116996,-
WBGene00002163,X,7126648,7139646,+
WBGene00016912,X,7139875,7140566,+
WBGene00000116,X,7140504,7143641,-
WBGene00016913,X,7143918,7151235,-
WBGene00016914,X,7153889,7156035,-
WBGene00004004,X,7159036,7166021,+
WBGene00000238,X,7166005,7170625,-
WBGene00044577,X,7177641,7178922,+
WBGene00016940,X,7187355,7188482,-
WBGene00206379,X,7191667,7191886,-
WBGene00001025,X,7194564,7198291,+
WBGene00016939,X,7200364,7204044,+
WBGene00016941,X,7204742,7205295,-
WBGene00022829,X,7206719,7209985,+
WBGene00044283,X,7211705,7213956,+
WBGene00044068,X,7218109,7226825,+
WBGene00018519,X,7230330,7238662,-
WBGene00018522,X,7238666,7242983,-
WBGene00018520,X,7245057,7254792,-
WBGene00018521,X,7255927,7256978,-
WBGene00018523,X,7258116,7260377,-
WBGene00018518,X,7265652,7267893,+
WBGene00001696,X,7267989,7272067,-
WBGene00006750,X,7272334,7280322,-
WBGene00019351,X,7292138,7296035,+
WBGene00019352,X,7296098,7298751,-
WBGene00006351,X,7301357,7305570,-
WBGene00001912,X,7309413,7309908,-
WBGene00001914,X,7310110,7310698,+
WBGene00004988,X,7314969,7315353,-
WBGene00004987,X,7315995,7316818,-
WBGene00004991,X,7317341,7317681,+
WBGene00004989,X,7318239,7318798,-
WBGene00004990,X,7319935,7320384,-
WBGene00044442,X,7321999,7322415,-
WBGene00004912,X,7327605,7329677,+
WBGene00020339,X,7329818,7330669,+
WBGene00020335,X,7331189,7331903,+
WBGene00020334,X,7334714,7340224,+
WBGene00015565,X,7341509,7342780,+
WBGene00015564,X,7344047,7344551,+
WBGene00016985,X,7365567,7366298,+
WBGene00016984,X,7377302,7388400,+
WBGene00015667,X,7390574,7392276,+
WBGene00015666,X,7393467,7395987,+
WBGene00206485,X,7397646,7398035,-
WBGene00050957,X,7398884,7400858,+
WBGene00015665,X,7402131,7403609,+
WBGene00015664,X,7407456,7408703,+
WBGene00015663,X,7410235,7412749,+
WBGene00015668,X,7413611,7415520,-
WBGene00015662,X,7415839,7418627,+
WBGene00045456,X,7420871,7422628,+
WBGene00003380,X,7422641,7424881,-
WBGene00000523,X,7431472,7433548,+
WBGene00000526,X,7433632,7435733,+
WBGene00015294,X,7435602,7438000,-
WBGene00015295,X,7439396,7442577,-
WBGene00004949,X,7458293,7463736,-
WBGene00000591,X,7465193,7475014,-
WBGene00003185,X,7479248,7481010,+
WBGene00018608,X,7481326,7485038,+
WBGene00001637,X,7485864,7490707,+
WBGene00018603,X,7490408,7493120,-
WBGene00018605,X,7493724,7495591,-
WBGene00018604,X,7495684,7500982,-
WBGene00018606,X,7501236,7502674,-
WBGene00000061,X,7503823,7506633,-
WBGene00018607,X,7507885,7517694,-
WBGene00018485,X,7525571,7527433,+
WBGene00000438,X,7528616,7532732,-
WBGene00001069,X,7536417,7537792,-
WBGene00018486,X,7537844,7540129,-
WBGene00000747,X,7546842,7548365,+
WBGene00018484,X,7548458,7551218,+
WBGene00018487,X,7551204,7554426,-
WBGene00019803,X,7556788,7559085,-
WBGene00017243,X,7560024,7562093,+
WBGene00006063,X,7562831,7564805,+
WBGene00007059,X,7565323,7568152,+
WBGene00017244,X,7568137,7569722,-
WBGene00006827,X,7570374,7573751,-
WBGene00017241,X,7572110,7581059,+
WBGene00000083,X,7585587,7595414,+
WBGene00016657,X,7596927,7599824,+
WBGene00006671,X,7599836,7608135,-
WBGene00017813,X,7627649,7627848,+
WBGene00017814,X,7630905,7637172,-
WBGene00017862,X,7651132,7651548,+
WBGene00017863,X,7653135,7654425,-
WBGene00206475,X,7656401,7656975,-
WBGene00017864,X,7657538,7687738,-
WBGene00000992,X,7661891,7664919,-
WBGene00270320,X,7665735,7667141,-
WBGene00017865,X,7667339,7670714,-
WBGene00017861,X,7672993,7676312,+
WBGene00017866,X,7676511,7680629,-
WBGene00006757,X,7682896,7686040,+
WBGene00016898,X,7686646,7689219,-
WBGene00002242,X,7690590,7707086,-
WBGene00019583,X,7710170,7710716,-
WBGene00044698,X,7719272,7725583,+
WBGene00004999,X,7725955,7726383,+
WBGene00006925,X,7727889,7733168,+
WBGene00019584,X,7733334,7736271,-
WBGene00019582,X,7739653,7741906,+
WBGene00004335,X,7744239,7750010,+
WBGene00016736,X,7754046,7754284,+
WBGene00000950,X,7763187,7774915,+
WBGene00003171,X,7774859,7776689,-
WBGene00022666,X,7777031,7782537,-
WBGene00022665,X,7779577,7780606,+
WBGene00022667,X,7783190,7787966,-
WBGene00022668,X,7790178,7793563,-
WBGene00000075,X,7795046,7798287,-
WBGene00019846,X,7798955,7799780,-
WBGene00019845,X,7800445,7805676,+
WBGene00019847,X,7805629,7809134,-
WBGene00004758,X,7816720,7821045,+
WBGene00001169,X,7823652,7825769,+
WBGene00006310,X,7827085,7834535,-
WBGene00016916,X,7838899,7839381,+
WBGene00016915,X,7842632,7845438,+
WBGene00045210,X,7846190,7847460,-
WBGene00000367,X,7847682,7875954,-
WBGene00016535,X,7879771,7880948,-
WBGene00016531,X,7884288,7887479,+
WBGene00016530,X,7889215,7889765,+
WBGene00016532,X,7890410,7892396,-
WBGene00016533,X,7896221,7897773,-
WBGene00043983,X,7903280,7905654,+
WBGene00016529,X,7906964,7907119,+
WBGene00016534,X,7907955,7913930,-
WBGene00006981,X,7925434,7926594,+
WBGene00006980,X,7930738,7931808,+
WBGene00006588,X,7937635,7945048,-
WBGene00015776,X,7954355,7956211,+
WBGene00015777,X,7956196,7958303,-
WBGene00004774,X,7959452,7961723,-
WBGene00018466,X,7976700,7980657,+
WBGene00001945,X,7981382,7982070,-
WBGene00018465,X,7985979,7988981,+
WBGene00018467,X,7988931,7998229,-
WBGene00018463,X,8003733,8004077,+
WBGene00018462,X,8003819,8009400,+
WBGene00016407,X,8014983,8026858,+
WBGene00016406,X,8029479,8031614,+
WBGene00015951,X,8034641,8034817,-
WBGene00006962,X,8041327,8044409,+
WBGene00015950,X,8045552,8047416,+
WBGene00001000,X,8050476,8058220,-
WBGene00015949,X,8061123,8065688,+
WBGene00015948,X,8067568,8068095,+
WBGene00015947,X,8069328,8070289,+
WBGene00016714,X,8078063,8080256,+
WBGene00019492,X,8080869,8084018,-
WBGene00000929,X,8084210,8086550,-
WBGene00006890,X,8087554,8089427,-
WBGene00019493,X,8089826,8098863,-
WBGene00019491,X,8104305,8107557,+
WBGene00194670,X,8108094,8109210,+
WBGene00019490,X,8110449,8114762,+
WBGene00001953,X,8116636,8120133,+
WBGene00219375,X,8120410,8123220,-
WBGene00015323,X,8124072,8129643,-
WBGene00015324,X,8133155,8136326,-
WBGene00015325,X,8137721,8137879,-
WBGene00015322,X,8139446,8140243,+
WBGene00015321,X,8143806,8145027,+
WBGene00015320,X,8147710,8148588,+
WBGene00017714,X,8149563,8150716,-
WBGene00001854,X,8159153,8160084,+
WBGene00017715,X,8161839,8163073,-
WBGene00015922,X,8169930,8172913,+
WBGene00015921,X,8173910,8180865,+
WBGene00015924,X,8181031,8181640,-
WBGene00015925,X,8183008,8185133,-
WBGene00015926,X,8185175,8203784,-
WBGene00000391,X,8208748,8211149,-
WBGene00016738,X,8215050,8215668,+
WBGene00077674,X,8218384,8218753,-
WBGene00019292,X,8219728,8220064,+
WBGene00019293,X,8224391,8224902,-
WBGene00019294,X,8228068,8231934,-
WBGene00019780,X,8232254,8236316,-
WBGene00019779,X,8242056,8247869,+
WBGene00002234,X,8243131,8246369,-
WBGene00019781,X,8248207,8252458,-
WBGene00019782,X,8258149,8261175,-
WBGene00017421,X,8262421,8271021,-
WBGene00002239,X,8275158,8283301,+
WBGene00001425,X,8283282,8285219,-
WBGene00017420,X,8285683,8286785,+
WBGene00017419,X,8287261,8294514,+
WBGene00019987,X,8294625,8296675,+
WBGene00000427,X,8299119,8299654,-
WBGene00002127,X,8300030,8302395,-
WBGene00019988,X,8306225,8307700,-
WBGene00005237,X,8317637,8319050,-
WBGene00004141,X,8319308,8320986,-
WBGene00000032,X,8322111,8323418,+
WBGene00019986,X,8323592,8325046,+
WBGene00019989,X,8325099,8326451,-
WBGene00018883,X,8327559,8327900,-
WBGene00018884,X,8333247,8337948,-
WBGene00018882,X,8340693,8340986,+
WBGene00018881,X,8341975,8342286,+
WBGene00018885,X,8344700,8346408,-
WBGene00018886,X,8348537,8351059,-
WBGene00018226,X,8368534,8371609,+
WBGene00018227,X,8372206,8374474,+
WBGene00018281,X,8378557,8382700,+
WBGene00018282,X,8382706,8384945,-
WBGene00006942,X,8387448,8392584,-
WBGene00018283,X,8403539,8408367,-
WBGene00017259,X,8409968,8410494,-
WBGene00017258,X,8411698,8414195,+
WBGene00000422,X,8414015,8416919,-
WBGene00004998,X,8417424,8418524,-
WBGene00006472,X,8418646,8422055,-
WBGene00006649,X,8422480,8423731,-
WBGene00017257,X,8428842,8430520,+
WBGene00002195,X,8432663,8437346,+
WBGene00017513,X,8440192,8450417,+
WBGene00001068,X,8450381,8455640,-
WBGene00017514,X,8457614,8459734,+
WBGene00017515,X,8459821,8463360,-
WBGene00003174,X,8465832,8470256,-
WBGene00003613,X,8473723,8476176,-
WBGene00020137,X,8495322,8498062,+
WBGene00001703,X,8499664,8501037,+
WBGene00001693,X,8501245,8502289,+
WBGene00019148,X,8507876,8514126,+
WBGene00019149,X,8514088,8517830,-
WBGene00219371,X,8521914,8522901,+
WBGene00001448,X,8528250,8531033,+
WBGene00023477,X,8534677,8535106,-
WBGene00044337,X,8535469,8535819,+
WBGene00044338,X,8537108,8537458,+
WBGene00044339,X,8537956,8538374,-
WBGene00044340,X,8538740,8539090,+
WBGene00044357,X,8541146,8541496,-
WBGene00015392,X,8541862,8542284,+
WBGene00015391,X,8542867,8546021,-
WBGene00017048,X,8546451,8549056,-
WBGene00044071,X,8552261,8556351,+
WBGene00017046,X,8557151,8563235,+
WBGene00017571,X,8571049,8575451,+
WBGene00044780,X,8578585,8580104,-
WBGene00017570,X,8580656,8583537,+
WBGene00017569,X,8586147,8590290,+
WBGene00003745,X,8593187,8593974,+
WBGene00017573,X,8595152,8597747,-
WBGene00017568,X,8601535,8602366,+
WBGene00019266,X,8604061,8605058,-
WBGene00019265,X,8607174,8607753,+
WBGene00044578,X,8610906,8611344,+
WBGene00019286,X,8618418,8619756,+
WBGene00019287,X,8620570,8625240,-
WBGene00017400,X,8639389,8643431,-
WBGene00017401,X,8646606,8647097,-
WBGene00004369,X,8660619,8671753,+
WBGene00019571,X,8673060,8681653,+
WBGene00019572,X,8676624,8677933,+
WBGene00019570,X,8681910,8686146,+
WBGene00018728,X,8697817,8702822,+
WBGene00018727,X,8704309,8707197,+
WBGene00018726,X,8708365,8709370,+
WBGene00018725,X,8709764,8710137,+
WBGene00018724,X,8711590,8711911,+
WBGene00018729,X,8713461,8713952,-
WBGene00018730,X,8716532,8716929,-
WBGene00018731,X,8718567,8718905,-
WBGene00018732,X,8720226,8720758,-
WBGene00006587,X,8721557,8723552,-
WBGene00017149,X,8726798,8727406,-
WBGene00019732,X,8731310,8731922,-
WBGene00019729,X,8732958,8737015,-
WBGene00019728,X,8739048,8740171,+
WBGene00044313,X,8740789,8743057,-
WBGene00019730,X,8748434,8750969,-
WBGene00019731,X,8754576,8761580,-
WBGene00019727,X,8763907,8766280,+
WBGene00022811,X,8778847,8784441,+
WBGene00022810,X,8784534,8787072,+
WBGene00006764,X,8789456,8790621,+
WBGene00006477,X,8792160,8796110,+
WBGene00019870,X,8796545,8797835,-
WBGene00019871,X,8801624,8806113,-
WBGene00019872,X,8806174,8811142,-
WBGene00019869,X,8812143,8816805,+
WBGene00002057,X,8820703,8824448,-
WBGene00016190,X,8826627,8828540,-
WBGene00016191,X,8829920,8831262,-
WBGene00016188,X,8831739,8835715,-
WBGene00016187,X,8836644,8837661,+
WBGene00006718,X,8844288,8846275,+
WBGene00219376,X,8847122,8848482,+
WBGene00016189,X,8849137,8853621,-
WBGene00015529,X,8857056,8857954,-
WBGene00044579,X,8861258,8861650,+
WBGene00002092,X,8866238,8866640,-
WBGene00006717,X,8867603,8869153,-
WBGene00006716,X,8869625,8871901,+
WBGene00015527,X,8872933,8874848,-
WBGene00015528,X,8879649,8880406,+
WBGene00015740,X,8893129,8898517,+
WBGene00017013,X,8908050,8910837,+
WBGene00000884,X,8911293,8914261,+
WBGene00003752,X,8917421,8919423,-
WBGene00017012,X,8931241,8939263,+
WBGene00017014,X,8939389,8940143,-
WBGene00017039,X,8941139,8950978,-
WBGene00016748,X,8957616,8961170,-
WBGene00016747,X,8980976,8985063,+
WBGene00006672,X,8988137,8991972,+
WBGene00016034,X,8992406,8994763,+
WBGene00016033,X,8997479,8998909,+
WBGene00016032,X,9001239,9006053,+
WBGene00044580,X,9009780,9010457,-
WBGene00020790,X,9015773,9016799,+
WBGene00020791,X,9020588,9021755,-
WBGene00020792,X,9021922,9022833,-
WBGene00020789,X,9027604,9028285,+
WBGene00004911,X,9029478,9033955,+
WBGene00020788,X,9034554,9038547,+
WBGene00020787,X,9040416,9041058,+
WBGene00018567,X,9046213,9054885,+
WBGene00018566,X,9057652,9061860,+
WBGene00018568,X,9062834,9066591,+
WBGene00018565,X,9073800,9077724,+
WBGene00000100,X,9078945,9113613,+
WBGene00016087,X,9114368,9116891,+
WBGene00016086,X,9119774,9121687,+
WBGene00219374,X,9121884,9123505,+
WBGene00015263,X,9137927,9145656,+
WBGene00015262,X,9146174,9147526,+
WBGene00006479,X,9150694,9160646,+
WBGene00015264,X,9152493,9154184,-
WBGene00006637,X,9163164,9166368,+
WBGene00077673,X,9166906,9167256,-
WBGene00044687,X,9168539,9169022,+
WBGene00015261,X,9171562,9172204,+
WBGene00206365,X,9172578,9173318,+
WBGene00015265,X,9173685,9174490,-
WBGene00044581,X,9180062,9180923,-
WBGene00022317,X,9182440,9182947,+
WBGene00022316,X,9184163,9190717,+
WBGene00022315,X,9192444,9194382,+
WBGene00044743,X,9211144,9212321,+
WBGene00016438,X,9213953,9216856,+
WBGene00006887,X,9216867,9232075,-
WBGene00000748,X,9233638,9234618,-
WBGene00017580,X,9235103,9242223,-
WBGene00001674,X,9247007,9249103,+
WBGene00003981,X,9251818,9255717,+
WBGene00017581,X,9256008,9257456,-
WBGene00017579,X,9259852,9261066,+
WBGene00017582,X,9262027,9264331,-
WBGene00015181,X,9268626,9270855,-
WBGene00206482,X,9273738,9274671,-
WBGene00015180,X,9278953,9279947,+
WBGene00206483,X,9282142,9283086,-
WBGene00015179,X,9291651,9293366,+
WBGene00001638,X,9293664,9296622,-
WBGene00015182,X,9296947,9297934,-
WBGene00015178,X,9299147,9300131,+
WBGene00015177,X,9303724,9310439,+
WBGene00045261,X,9310625,9311341,-
WBGene00044788,X,9312648,9314488,-
WBGene00018067,X,9315436,9319180,-
WBGene00020595,X,9331133,9336632,+
WBGene00000161,X,9336819,9342970,+
WBGene00020596,X,9343333,9347430,-
WBGene00001463,X,9349276,9349890,-
WBGene00004033,X,9364818,9386035,+
WBGene00016009,X,9387341,9389189,+
WBGene00016008,X,9391645,9394702,+
WBGene00016006,X,9397701,9427246,+
WBGene00007130,X,9428431,9430424,+
WBGene00007129,X,9431432,9432745,+
WBGene00006538,X,9434452,9436893,-
WBGene00007128,X,9440079,9441571,-
WBGene00014140,X,9446664,9447612,+
WBGene00014145,X,9447861,9449399,-
WBGene00014141,X,9450225,9451994,-
WBGene00014142,X,9453959,9454660,+
WBGene00006534,X,9455485,9458348,-
WBGene00014143,X,9459911,9460934,-
WBGene00014144,X,9463356,9464725,+
WBGene00001516,X,9472469,9516440,+
WBGene00007407,X,9516393,9517187,-
WBGene00007410,X,9519022,9521486,+
WBGene00007408,X,9522488,9523173,-
WBGene00007409,X,9529533,9536631,+
WBGene00195209,X,9536563,9536792,-
WBGene00003828,X,9539905,9542430,+
WBGene00009888,X,9543670,9560801,+
WBGene00009885,X,9561850,9565981,-
WBGene00009886,X,9567296,9573723,+
WBGene00009887,X,9573741,9575866,-
WBGene00007516,X,9584664,9586344,+
WBGene00007517,X,9587942,9588879,+
WBGene00007518,X,9589423,9595459,+
WBGene00007520,X,9610563,9617045,+
WBGene00007521,X,9617219,9619122,+
WBGene00007522,X,9623304,9624714,+
WBGene00009378,X,9626135,9626849,+
WBGene00009379,X,9630423,9630875,+
WBGene00009380,X,9633284,9635647,-
WBGene00009382,X,9635693,9636884,+
WBGene00009381,X,9648532,9650928,+
WBGene00000085,X,9650999,9653116,-
WBGene00011763,X,9664499,9668755,-
WBGene00195084,X,9674539,9674865,-
WBGene00002067,X,9675844,9680169,-
WBGene00008065,X,9690745,9696718,+
WBGene00001123,X,9698678,9701679,+
WBGene00008865,X,9706926,9708563,+
WBGene00008866,X,9708590,9713713,-
WBGene00008869,X,9709836,9713112,+
WBGene00001863,X,9717589,9753764,+
WBGene00008868,X,9733072,9737750,-
WBGene00011642,X,9757271,9759306,+
WBGene00011644,X,9759297,9761281,-
WBGene00011643,X,9761483,9764922,-
WBGene00011645,X,9771697,9774352,-
WBGene00011646,X,9777831,9780251,+
WBGene00009482,X,9780375,9789275,-
WBGene00009483,X,9792407,9794273,-
WBGene00009484,X,9798839,9801038,+
WBGene00009799,X,9801091,9807662,-
WBGene00001081,X,9810202,9822273,-
WBGene00009800,X,9823752,9831249,-
WBGene00009801,X,9833352,9838039,-
WBGene00006881,X,9847275,9849518,+
WBGene00002271,X,9850209,9851375,+
WBGene00002270,X,9852139,9852909,+
WBGene00011082,X,9856918,9858083,+
WBGene00011076,X,9858339,9861735,+
WBGene00001784,X,9861646,9862960,-
WBGene00011077,X,9864069,9866531,+
WBGene00011078,X,9866660,9867921,+
WBGene00011079,X,9868836,9869574,+
WBGene00138711,X,9869836,9870792,+
WBGene00001608,X,9870804,9872654,-
WBGene00011083,X,9872884,9882212,-
WBGene00011081,X,9877417,9881501,+
WBGene00003410,X,9884278,9889704,+
WBGene00009023,X,9889618,9892328,-
WBGene00009024,X,9895144,9897057,+
WBGene00009025,X,9897313,9899476,-
WBGene00009026,X,9906148,9908116,+
WBGene00009027,X,9908794,9917448,-
WBGene00007648,X,9919302,9920346,+
WBGene00007649,X,9921557,9922843,+
WBGene00007650,X,9922910,9925173,-
WBGene00007651,X,9925728,9931460,-
WBGene00023491,X,9932371,9937133,+
WBGene00219544,X,9938813,9940042,+
WBGene00007652,X,9941630,9944838,+
WBGene00003553,X,9944844,9949060,-
WBGene00007653,X,9952579,9954533,-
WBGene00013919,X,9958899,9964747,+
WBGene00013920,X,9965495,9968584,+
WBGene00003232,X,9968517,9976392,-
WBGene00008954,X,9982402,9985005,-
WBGene00001708,X,9991255,9999178,-
WBGene00008951,X,10000935,10005408,+
WBGene00008952,X,10005733,10008755,-
WBGene00008953,X,10015045,10018025,-
WBGene00009645,X,10018046,10022304,-
WBGene00003368,X,10027856,10030130,+
WBGene00012162,X,10031088,10033283,+
WBGene00013872,X,10034836,10047417,-
WBGene00013871,X,10049460,10052481,+
WBGene00013866,X,10054281,10057524,+
WBGene00013867,X,10057925,10058437,-
WBGene00013868,X,10060525,10061681,+
WBGene00013869,X,10062451,10069783,-
WBGene00013870,X,10072507,10074391,-
WBGene00000930,X,10075288,10076357,+
WBGene00000749,X,10077597,10078602,+
WBGene00012326,X,10084627,10104252,+
WBGene00044686,X,10087314,10087958,-
WBGene00001446,X,10091961,10092964,-
WBGene00001445,X,10094430,10095245,-
WBGene00006792,X,10104612,10125483,-
WBGene00011553,X,10122671,10123412,-
WBGene00011552,X,10129588,10130267,-
WBGene00003384,X,10136129,10138620,-
WBGene00008602,X,10139374,10142013,-
WBGene00006839,X,10146889,10153142,+
WBGene00008604,X,10154821,10156856,+
WBGene00001331,X,10156858,10160438,-
WBGene00008603,X,10160631,10161809,+
WBGene00007396,X,10167096,10171668,+
WBGene00007397,X,10172326,10174185,+
WBGene00007398,X,10174985,10175896,+
WBGene00008998,X,10177237,10180662,+
WBGene00008999,X,10180953,10194377,-
WBGene00009000,X,10183980,10186228,+
WBGene00009674,X,10197706,10200407,+
WBGene00004786,X,10201329,10205433,-
WBGene00009675,X,10212771,10214165,+
WBGene00009676,X,10214443,10215495,-
WBGene00009677,X,10217310,10218760,-
WBGene00007593,X,10220644,10228137,-
WBGene00007591,X,10233739,10236944,-
WBGene00006135,X,10239805,10241039,-
WBGene00007592,X,10242325,10252879,-
WBGene00007861,X,10258733,10260135,-
WBGene00009618,X,10273692,10278261,+
WBGene00009617,X,10279599,10282842,+
WBGene00009619,X,10282825,10285734,-
WBGene00009620,X,10302622,10303143,+
WBGene00009621,X,10304507,10304947,+
WBGene00009624,X,10306595,10306951,+
WBGene00009622,X,10307137,10310466,-
WBGene00009623,X,10307873,10312182,+
WBGene00009625,X,10312756,10316005,-
WBGene00011107,X,10317722,10321857,+
WBGene00011106,X,10324183,10327642,-
WBGene00011105,X,10330547,10331900,-
WBGene00011104,X,10333861,10338200,-
WBGene00011103,X,10336441,10337208,+
WBGene00011102,X,10339225,10341161,-
WBGene00011108,X,10341732,10344080,-
WBGene00013028,X,10358476,10360550,+
WBGene00044949,X,10371077,10372664,-
WBGene00004375,X,10373235,10377832,-
WBGene00001122,X,10379693,10386508,-
WBGene00009793,X,10397243,10402573,+
WBGene00001804,X,10402526,10406303,-
WBGene00013916,X,10407150,10409774,+
WBGene00000047,X,10412725,10416630,+
WBGene00013917,X,10416639,10419764,-
WBGene00003247,X,10421655,10428650,-
WBGene00008023,X,10444169,10444674,+
WBGene00008024,X,10445005,10445439,+
WBGene00008025,X,10447351,10447755,+
WBGene00008022,X,10454309,10460341,+
WBGene00008021,X,10460546,10463580,-
WBGene00001252,X,10475527,10475959,+
WBGene00164973,X,10477061,10477891,+
WBGene00001250,X,10481240,10483446,+
WBGene00007894,X,10485350,10486757,+
WBGene00007895,X,10489063,10489821,+
WBGene00007896,X,10491344,10497264,+
WBGene00006870,X,10505988,10519563,+
WBGene00008807,X,10520817,10521464,-
WBGene00008806,X,10521806,10524565,-
WBGene00008805,X,10524898,10528437,+
WBGene00045480,X,10528002,10529264,-
WBGene00010340,X,10529294,10532677,+
WBGene00010341,X,10533699,10537114,+
WBGene00010342,X,10537141,10542423,-
WBGene00010343,X,10543042,10543410,+
WBGene00010344,X,10546062,10548962,+
WBGene00006364,X,10549123,10555239,-
WBGene00010345,X,10559503,10566668,+
WBGene00010199,X,10569273,10575718,+
WBGene00003733,X,10576960,10581054,+
WBGene00010200,X,10581062,10589538,-
WBGene00004749,X,10589780,10593334,-
WBGene00001462,X,10604686,10605828,+
WBGene00000018,X,10605832,10624185,-
WBGene00010902,X,10626518,10628807,-
WBGene00000908,X,10644409,10666874,+
WBGene00008668,X,10656598,10659576,-
WBGene00008746,X,10668280,10674293,-
WBGene00008745,X,10675706,10677109,-
WBGene00008747,X,10681998,10682963,+
WBGene00008748,X,10691943,10694461,+
WBGene00008749,X,10695312,10697894,+
WBGene00006468,X,10697854,10711869,-
WBGene00011317,X,10716318,10717173,-
WBGene00011315,X,10719554,10722054,-
WBGene00001202,X,10734326,10744355,+
WBGene00011073,X,10744356,10746488,-
WBGene00011075,X,10751666,10757708,-
WBGene00011074,X,10754917,10758140,+
WBGene00004862,X,10769288,10782973,+
WBGene00000525,X,10782996,10783907,-
WBGene00011460,X,10787503,10789700,+
WBGene00011462,X,10789628,10792535,-
WBGene00011463,X,10792903,10794734,-
WBGene00004036,X,10794852,10815004,-
WBGene00009283,X,10804741,10805433,+
WBGene00001495,X,10816968,10838650,-
WBGene00007317,X,10842658,10844674,-
WBGene00003999,X,10854320,10859297,-
WBGene00004002,X,10859351,10864422,-
WBGene00004001,X,10864969,10870237,-
WBGene00004000,X,10871181,10877465,-
WBGene00011902,X,10880842,10881437,+
WBGene00164971,X,10882284,10883371,+
WBGene00164972,X,10883567,10884508,+
WBGene00011903,X,10886278,10887052,+
WBGene00009817,X,10888506,10889028,+
WBGene00009816,X,10889041,10890556,-
WBGene00009815,X,10891295,10891707,+
WBGene00009814,X,10892190,10893569,+
WBGene00009813,X,10893567,10896598,-
WBGene00009812,X,10897678,10900114,-
WBGene00009818,X,10903278,10905107,+
WBGene00009819,X,10905181,10910768,-
WBGene00009820,X,10912118,10914081,-
WBGene00011882,X,10916765,10920013,-
WBGene00000961,X,10920533,10928998,-
WBGene00011879,X,10938197,10941355,-
WBGene00011880,X,10945160,10948970,-
WBGene00010717,X,10950708,10951393,-
WBGene00003943,X,10954134,10958236,+
WBGene00003757,X,10958761,10959178,+
WBGene00010715,X,10959568,10960937,+
WBGene00003529,X,10960982,10964725,-
WBGene00010716,X,10966551,10969898,+
WBGene00164969,X,10967302,10967798,-
WBGene00010718,X,10970963,10972107,+
WBGene00004257,X,10972172,10979265,-
WBGene00006897,X,10982351,10987928,+
WBGene00006896,X,10992483,10997846,+
WBGene00010335,X,10998004,10999276,-
WBGene00000750,X,10999742,11001850,-
WBGene00010334,X,11004984,11008181,-
WBGene00010225,X,11008266,11009070,-
WBGene00010224,X,11009558,11010640,-
WBGene00010223,X,11012662,11014412,+
WBGene00001184,X,11016410,11023421,+
WBGene00002261,X,11028917,11040612,+
WBGene00007483,X,11041032,11042877,-
WBGene00000522,X,11047446,11049271,+
WBGene00007482,X,11053915,11056970,+
WBGene00012261,X,11057401,11059794,+
WBGene00012255,X,11059994,11061868,+
WBGene00012256,X,11062132,11064539,+
WBGene00012257,X,11065133,11066811,+
WBGene00000166,X,11068527,11071925,+
WBGene00012258,X,11073658,11076043,+
WBGene00044151,X,11076182,11076767,-
WBGene00044152,X,11077772,11078243,-
WBGene00194793,X,11079299,11079772,-
WBGene00012259,X,11080678,11087474,+
WBGene00012260,X,11084018,11085274,-
WBGene00044153,X,11089243,11090679,+
WBGene00195208,X,11097081,11098177,-
WBGene00012217,X,11102587,11105460,-
WBGene00011140,X,11107376,11109316,+
WBGene00001690,X,11109440,11115887,+
WBGene00011141,X,11116107,11116823,-
WBGene00011139,X,11118959,11121005,-
WBGene00044330,X,11121916,11125615,-
WBGene00007327,X,11142971,11152820,-
WBGene00007326,X,11153065,11157643,+
WBGene00007325,X,11160981,11164006,+
WBGene00008735,X,11163958,11189591,-
WBGene00008736,X,11178899,11181272,+
WBGene00008737,X,11185812,11187520,+
WBGene00007938,X,11192485,11196841,-
WBGene00000751,X,11199455,11200464,+
WBGene00000752,X,11201465,11202488,+
WBGene00007945,X,11202476,11203990,-
WBGene00002029,X,11204117,11207155,-
WBGene00007939,X,11207250,11208994,-
WBGene00007941,X,11210107,11215470,-
WBGene00007942,X,11215696,11218305,+
WBGene00007943,X,11218135,11222811,-
WBGene00195211,X,11226256,11226656,-
WBGene00007944,X,11229213,11237383,-
WBGene00007266,X,11257361,11260225,+
WBGene00007267,X,11262848,11266324,+
WBGene00007268,X,11267391,11269023,-
WBGene00002050,X,11271184,11275482,+
WBGene00009529,X,11278401,11279376,-
WBGene00194663,X,11280619,11281248,-
WBGene00009530,X,11281716,11286346,-
WBGene00009531,X,11286443,11287717,-
WBGene00002124,X,11294962,11296731,-
WBGene00008586,X,11298036,11299784,-
WBGene00008587,X,11300283,11302094,+
WBGene00008585,X,11302074,11305873,-
WBGene00006922,X,11307360,11308400,+
WBGene00008588,X,11308864,11310285,-
WBGene00044135,X,11313385,11315612,-
WBGene00008589,X,11317050,11318036,+
WBGene00013976,X,11318278,11321085,+
WBGene00000212,X,11321079,11324251,-
WBGene00013975,X,11324517,11326901,-
WBGene00013974,X,11328591,11332072,+
WBGene00001536,X,11332553,11338301,-
WBGene00000040,X,11339874,11343568,+
WBGene00003843,X,11346455,11350244,+
WBGene00003997,X,11352136,11357094,+
WBGene00003998,X,11358395,11364049,+
WBGene00009632,X,11368719,11374358,+
WBGene00009633,X,11374599,11375609,-
WBGene00006584,X,11375887,11377470,-
WBGene00008571,X,11384773,11392779,+
WBGene00004197,X,11393293,11394619,+
WBGene00004831,X,11394605,11405931,-
WBGene00008572,X,11407054,11407730,-
WBGene00003970,X,11410181,11414887,-
WBGene00009777,X,11416653,11418740,-
WBGene00045253,X,11419108,11420074,-
WBGene00002037,X,11420474,11433524,-
WBGene00164974,X,11440040,11440652,+
WBGene00009842,X,11444424,11446635,-
WBGene00009843,X,11451617,11454195,-
WBGene00003003,X,11465557,11484368,+
WBGene00004994,X,11487788,11488178,+
WBGene00044284,X,11490130,11490494,+
WBGene00012018,X,11491087,11499999,-
WBGene00009257,X,11502267,11509432,+
WBGene00009258,X,11509446,11511451,-
WBGene00009259,X,11511558,11519062,-
WBGene00004746,X,11522707,11533450,+
WBGene00007957,X,11534004,11536574,+
WBGene00007958,X,11536568,11537124,+
WBGene00007954,X,11537714,11541417,+
WBGene00044121,X,11542129,11545061,+
WBGene00007955,X,11545091,11546495,-
WBGene00003239,X,11548608,11550740,+
WBGene00007959,X,11554795,11559858,+
WBGene00002975,X,11560915,11563697,+
WBGene00007956,X,11563923,11569531,+
WBGene00001490,X,11572565,11585126,+
WBGene00009929,X,11585675,11589757,+
WBGene00009930,X,11589686,11591719,-
WBGene00001502,X,11603709,11605451,-
WBGene00009931,X,11617462,11619795,+
WBGene00006065,X,11620047,11621996,-
WBGene00006694,X,11622967,11627113,-
WBGene00206537,X,11627701,11628563,-
WBGene00006068,X,11632407,11636508,+
WBGene00006066,X,11644143,11647425,+
WBGene00011446,X,11647423,11648196,+
WBGene00011443,X,11648358,11650918,-
WBGene00011441,X,11653570,11656569,-
WBGene00011442,X,11658440,11659692,+
WBGene00011440,X,11659510,11661660,-
WBGene00011444,X,11667127,11672309,+
WBGene00011447,X,11674416,11677090,+
WBGene00011445,X,11677515,11680980,-
WBGene00001981,X,11684661,11685778,+
WBGene00008088,X,11687000,11688269,-
WBGene00008090,X,11690314,11690789,+
WBGene00008086,X,11691109,11692456,+
WBGene00008085,X,11693464,11695750,+
WBGene00044133,X,11696996,11698065,+
WBGene00008087,X,11698384,11699098,+
WBGene00219301,X,11699572,11700357,-
WBGene00008084,X,11702525,11704500,+
WBGene00043985,X,11707903,11710190,-
WBGene00000753,X,11711307,11712280,-
WBGene00008089,X,11713240,11716511,-
WBGene00008369,X,11721724,11724195,-
WBGene00001790,X,11726271,11727936,-
WBGene00008367,X,11728151,11728891,+
WBGene00008368,X,11729586,11733698,-
WBGene00043187,X,11739050,11739154,+
WBGene00008049,X,11746076,11747249,+
WBGene00008045,X,11754776,11756762,+
WBGene00008047,X,11759198,11764535,+
WBGene00006654,X,11764456,11769378,-
WBGene00013631,X,11781463,11784330,-
WBGene00004682,X,11798505,11803656,+
WBGene00007937,X,11804210,11805306,+
WBGene00007935,X,11805378,11814653,-
WBGene00138725,X,11824184,11824424,+
WBGene00044079,X,11826093,11836162,+
WBGene00006388,X,11836068,11837478,-
WBGene00010064,X,11843663,11845337,+
WBGene00045251,X,11847856,11848695,-
WBGene00010065,X,11849392,11850182,-
WBGene00269392,X,11850873,11851729,+
WBGene00006965,X,11852794,11853729,+
WBGene00010068,X,11853818,11854996,-
WBGene00003219,X,11857478,11862373,+
WBGene00077680,X,11863613,11864773,+
WBGene00010066,X,11865383,11866827,+
WBGene00010067,X,11867971,11869360,-
WBGene00013389,X,11875654,11877242,+
WBGene00013390,X,11877418,11878196,-
WBGene00013391,X,11879110,11879971,-
WBGene00013392,X,11880124,11881264,+
WBGene00013393,X,11882144,11882917,-
WBGene00013394,X,11883127,11884043,+
WBGene00013395,X,11884330,11886438,-
WBGene00013396,X,11891259,11892422,-
WBGene00013397,X,11895585,11898140,-
WBGene00013398,X,11901147,11902749,-
WBGene00013399,X,11904924,11907022,-
WBGene00045252,X,11907267,11910145,-
WBGene00013400,X,11914124,11915558,+
WBGene00013401,X,11917005,11920158,+
WBGene00013402,X,11921252,11923138,+
WBGene00010119,X,11924461,11927032,+
WBGene00045493,X,11928107,11929372,+
WBGene00010120,X,11929899,11931646,-
WBGene00195215,X,11938187,11938900,-
WBGene00010121,X,11940336,11942051,-
WBGene00011614,X,11944313,11946834,-
WBGene00011615,X,11948843,11951893,+
WBGene00044148,X,11952085,11953329,-
WBGene00011616,X,11955425,11956495,+
WBGene00206466,X,11957563,11958395,+
WBGene00008212,X,11960145,11961509,+
WBGene00268215,X,11961699,11961971,+
WBGene00008205,X,11965962,11969784,+
WBGene00012158,X,11968034,12021212,+
WBGene00008206,X,11970030,11974679,-
WBGene00008208,X,11980209,11982045,-
WBGene00008207,X,11982791,11983899,-
WBGene00008209,X,11985880,11987229,+
WBGene00008210,X,11988314,11991292,+
WBGene00008211,X,11994766,11995839,+
WBGene00004859,X,11997524,12005092,-
WBGene00012295,X,12014250,12016190,-
WBGene00007115,X,12028711,12031498,+
WBGene00006646,X,12031598,12034037,-
WBGene00007116,X,12042593,12057049,-
WBGene00007594,X,12065264,12067432,+
WBGene00045385,X,12068550,12070563,+
WBGene00007595,X,12070743,12073863,-
WBGene00012226,X,12076553,12093083,-
WBGene00012225,X,12100196,12103812,-
WBGene00000754,X,12104930,12106081,+
WBGene00012224,X,12106407,12108617,-
WBGene00011354,X,12109135,12111185,+
WBGene00011355,X,12111513,12113475,+
WBGene00011356,X,12114324,12115923,+
WBGene00011358,X,12118640,12120661,+
WBGene00011359,X,12121585,12125048,+
WBGene00269422,X,12123452,12123916,+
WBGene00011360,X,12125608,12128000,+
WBGene00011361,X,12128144,12141151,-
WBGene00010926,X,12142869,12143819,+
WBGene00045481,X,12144114,12145940,+
WBGene00010924,X,12146832,12148529,+
WBGene00044144,X,12150080,12151474,+
WBGene00010925,X,12151359,12154105,-
WBGene00010222,X,12156407,12160039,-
WBGene00010221,X,12169092,12171681,-
WBGene00000277,X,12199655,12213049,-
WBGene00044132,X,12217243,12219312,+
WBGene00007691,X,12219710,12222745,+
WBGene00007695,X,12222869,12226047,+
WBGene00007692,X,12226203,12229861,+
WBGene00007693,X,12229951,12233244,+
WBGene00007694,X,12235621,12240781,+
WBGene00008451,X,12241627,12244637,+
WBGene00008450,X,12256644,12258971,+
WBGene00008449,X,12260881,12266537,+
WBGene00010403,X,12266912,12270941,-
WBGene00010404,X,12273638,12274691,-
WBGene00007294,X,12275042,12275677,-
WBGene00007289,X,12280707,12282559,+
WBGene00007290,X,12283285,12285307,+
WBGene00007291,X,12285824,12287253,+
WBGene00007293,X,12287659,12288354,-
WBGene00007292,X,12290839,12293267,+
WBGene00012299,X,12293767,12295311,+
WBGene00012300,X,12296047,12296644,-
WBGene00012301,X,12298683,12300022,+
WBGene00012303,X,12300134,12301282,+
WBGene00012302,X,12301488,12302817,-
WBGene00008902,X,12306865,12309482,+
WBGene00008903,X,12310812,12312730,+
WBGene00006966,X,12315568,12317673,+
WBGene00000461,X,12318240,12320777,-
WBGene00008904,X,12321657,12322993,+
WBGene00005118,X,12323739,12325432,+
WBGene00005119,X,12326724,12328365,+
WBGene00005123,X,12328976,12330526,+
WBGene00005124,X,12332095,12333302,+
WBGene00005125,X,12333642,12335290,+
WBGene00005126,X,12336108,12337752,+
WBGene00005122,X,12338440,12340248,+
WBGene00006979,X,12340378,12341438,-
WBGene00009634,X,12342946,12343379,-
WBGene00009640,X,12343609,12344043,+
WBGene00044140,X,12347029,12347899,+
WBGene00194795,X,12348718,12349119,+
WBGene00009635,X,12350578,12351788,+
WBGene00009636,X,12351978,12352949,-
WBGene00023493,X,12356194,12356681,-
WBGene00009637,X,12357427,12357919,+
WBGene00009638,X,12358614,12359097,-
WBGene00009639,X,12360737,12361184,+
WBGene00008961,X,12362397,12363102,+
WBGene00008960,X,12363713,12364904,-
WBGene00008959,X,12365688,12367255,+
WBGene00008958,X,12368452,12371421,-
WBGene00008957,X,12374223,12378393,-
WBGene00008956,X,12389594,12391474,-
WBGene00008924,X,12394265,12399534,+
WBGene00002991,X,12399517,12414037,-
WBGene00023492,X,12425730,12426631,+
WBGene00003180,X,12430609,12431268,+
WBGene00011824,X,12434154,12443915,+
WBGene00011823,X,12449896,12451360,+
WBGene00011826,X,12451356,12454328,-
WBGene00011820,X,12454745,12457934,+
WBGene00003854,X,12459069,12461639,-
WBGene00011822,X,12463815,12464378,+
WBGene00011821,X,12464640,12466917,-
WBGene00003514,X,12468061,12475348,+
WBGene00009725,X,12475659,12477441,-
WBGene00000222,X,12480948,12484904,+
WBGene00009726,X,12485054,12491102,+
WBGene00009727,X,12492865,12495862,+
WBGene00009728,X,12502802,12503338,-
WBGene00004739,X,12503885,12514048,-
WBGene00007634,X,12525344,12525783,-
WBGene00007636,X,12526660,12527286,+
WBGene00007635,X,12537014,12551677,-
WBGene00011989,X,12574069,12577209,+
WBGene00011991,X,12580074,12583213,+
WBGene00011990,X,12583799,12586439,-
WBGene00011992,X,12597168,12597437,+
WBGene00011993,X,12598031,12599297,-
WBGene00044149,X,12603622,12604708,+
WBGene00219278,X,12604710,12605171,+
WBGene00011152,X,12612727,12617880,+
WBGene00011153,X,12619472,12623531,+
WBGene00006493,X,12624655,12634354,-
WBGene00000755,X,12636153,12637056,-
WBGene00011154,X,12638461,12640559,-
WBGene00010423,X,12647117,12651487,+
WBGene00010424,X,12652591,12653520,-
WBGene00007259,X,12658476,12661062,-
WBGene00045386,X,12662478,12663627,-
WBGene00003616,X,12663760,12667854,-
WBGene00000082,X,12678832,12689279,+
WBGene00011564,X,12691573,12695652,+
WBGene00011568,X,12695589,12699921,-
WBGene00011566,X,12700393,12702063,-
WBGene00011565,X,12703330,12704821,-
WBGene00008901,X,12705624,12808249,-
WBGene00004345,X,12712653,12728391,+
WBGene00004006,X,12731850,12737440,+
WBGene00004007,X,12738882,12744057,+
WBGene00004008,X,12744723,12749580,-
WBGene00009057,X,12762078,12765904,+
WBGene00011937,X,12767463,12769797,-
WBGene00011938,X,12782396,12787146,+
WBGene00006175,X,12787661,12789256,+
WBGene00006174,X,12790336,12791751,+
WBGene00000016,X,12792727,12793386,+
WBGene00000017,X,12794118,12794870,+
WBGene00001560,X,12795216,12813947,-
WBGene00008260,X,12843311,12845384,+
WBGene00008261,X,12845811,12846143,-
WBGene00000482,X,12846437,12852601,-
WBGene00011770,X,12858019,12859541,+
WBGene00011771,X,12861237,12870025,+
WBGene00011772,X,12862039,12863896,-
WBGene00001149,X,12877480,12880328,+
WBGene00001681,X,12881126,12884989,-
WBGene00004108,X,12907832,12920176,+
WBGene00007933,X,12930336,12932025,+
WBGene00007934,X,12932205,12934978,-
WBGene00007344,X,12938695,12940792,-
WBGene00007343,X,12941441,12943547,-
WBGene00007345,X,12945616,12946562,-
WBGene00007346,X,12965485,12968731,+
WBGene00004089,X,12968950,12975643,-
WBGene00195214,X,12977092,12977852,+
WBGene00195213,X,12977244,12977551,-
WBGene00008693,X,12978505,12979854,+
WBGene00008692,X,12981775,12985852,+
WBGene00008691,X,12985790,12987219,-
WBGene00008690,X,12987334,12990365,-
WBGene00045495,X,12989344,12991381,+
WBGene00008694,X,12991447,12999638,+
WBGene00003623,X,13008493,13013962,+
WBGene00008278,X,13018848,13022023,-
WBGene00008279,X,13048558,13050885,+
WBGene00010519,X,13051796,13055395,+
WBGene00045497,X,13055860,13058381,+
WBGene00010522,X,13064168,13066936,+
WBGene00010520,X,13067279,13068239,-
WBGene00000450,X,13074682,13076092,+
WBGene00010521,X,13078172,13082045,+
WBGene00006078,X,13082626,13084235,+
WBGene00010996,X,13084573,13087646,+
WBGene00010998,X,13091131,13094424,+
WBGene00011000,X,13094558,13100445,-
WBGene00010999,X,13101306,13104205,-
WBGene00008925,X,13105184,13108543,+
WBGene00008926,X,13113772,13116390,+
WBGene00008927,X,13116352,13122291,-
WBGene00008928,X,13125976,13126520,-
WBGene00008598,X,13130263,13134124,+
WBGene00008599,X,13135107,13139771,+
WBGene00045245,X,13139847,13140886,+
WBGene00008600,X,13141601,13152474,+
WBGene00008601,X,13152821,13170113,-
WBGene00003741,X,13177856,13178447,-
WBGene00009844,X,13182463,13189961,-
WBGene00001668,X,13191246,13193955,+
WBGene00006749,X,13212390,13216707,+
WBGene00011255,X,13217101,13219019,+
WBGene00000217,X,13218977,13221462,-
WBGene00004826,X,13222920,13223546,-
WBGene00004825,X,13223644,13224712,-
WBGene00004827,X,13225818,13226678,-
WBGene00010694,X,13228669,13232328,-
WBGene00010689,X,13234099,13234957,-
WBGene00010690,X,13237389,13238476,+
WBGene00010691,X,13238651,13240003,+
WBGene00010692,X,13241109,13242278,-
WBGene00001995,X,13245390,13247044,+
WBGene00010693,X,13247263,13248426,-
WBGene00003626,X,13251964,13256282,+
WBGene00164968,X,13257847,13260898,+
WBGene00010704,X,13262495,13264589,+
WBGene00010705,X,13265041,13267338,-
WBGene00010706,X,13267562,13269697,-
WBGene00010707,X,13271877,13274218,-
WBGene00010708,X,13275315,13278976,-
WBGene00011009,X,13282096,13284204,-
WBGene00011010,X,13285122,13286633,-
WBGene00011012,X,13287779,13288815,-
WBGene00011011,X,13288917,13290631,-
WBGene00005116,X,13291806,13292984,+
WBGene00005114,X,13293415,13294773,-
WBGene00005117,X,13298994,13300523,-
WBGene00005120,X,13301599,13303457,-
WBGene00005121,X,13303905,13305844,-
WBGene00011013,X,13307282,13308845,-
WBGene00009796,X,13310227,13311830,-
WBGene00009797,X,13322963,13327854,+
WBGene00004801,X,13328252,13331248,+
WBGene00004802,X,13332014,13333825,+
WBGene00009798,X,13334046,13336784,+
WBGene00004238,X,13338052,13348118,+
WBGene00003511,X,13349639,13350804,-
WBGene00008213,X,13361201,13365294,-
WBGene00008214,X,13371612,13376992,-
WBGene00008215,X,13386057,13387547,-
WBGene00008518,X,13391949,13395149,-
WBGene00008517,X,13397323,13397710,+
WBGene00008516,X,13398198,13399230,-
WBGene00008515,X,13402083,13406415,+
WBGene00008519,X,13406674,13409644,-
WBGene00007810,X,13412463,13414617,+
WBGene00007811,X,13416078,13418220,+
WBGene00007812,X,13418841,13419934,-
WBGene00001435,X,13421824,13423427,-
WBGene00001436,X,13427062,13428842,-
WBGene00206389,X,13430245,13431052,-
WBGene00007813,X,13436454,13441883,+
WBGene00008527,X,13444980,13448230,+
WBGene00008526,X,13449586,13451678,-
WBGene00001465,X,13452667,13456658,-
WBGene00008524,X,13456889,13462619,-
WBGene00008523,X,13462668,13463893,-
WBGene00000756,X,13466737,13467736,-
WBGene00000757,X,13469387,13470471,+
WBGene00006610,X,13472155,13475899,+
WBGene00001164,X,13475964,13477456,-
WBGene00005128,X,13478621,13481804,-
WBGene00005129,X,13482649,13484913,-
WBGene00004719,X,13487555,13500662,-
WBGene00010368,X,13507564,13510094,+
WBGene00000758,X,13510110,13511097,-
WBGene00000406,X,13515871,13518911,-
WBGene00008939,X,13519663,13521537,+
WBGene00003903,X,13522264,13527483,-
WBGene00008940,X,13529088,13532032,+
WBGene00000051,X,13532871,13536433,+
WBGene00010969,X,13537051,13538042,+
WBGene00000282,X,13542574,13544599,+
WBGene00003848,X,13544822,13550824,-
WBGene00010970,X,13552549,13556166,-
WBGene00010968,X,13565486,13566536,-
WBGene00010971,X,13567441,13569954,-
WBGene00010034,X,13578783,13581728,+
WBGene00010033,X,13582120,13582757,+
WBGene00006816,X,13584775,13589820,+
WBGene00000598,X,13590035,13591207,+
WBGene00000621,X,13591498,13592461,+
WBGene00010027,X,13592618,13593643,+
WBGene00010028,X,13594121,13596068,-
WBGene00000262,X,13598449,13599687,+
WBGene00010030,X,13600436,13601534,+
WBGene00010031,X,13602200,13603918,-
WBGene00010032,X,13605567,13608369,+
WBGene00012440,X,13618874,13619930,+
WBGene00012439,X,13619938,13621728,-
WBGene00006412,X,13625373,13631166,-
WBGene00006673,X,13639877,13642256,+
WBGene00000048,X,13642348,13646898,-
WBGene00008036,X,13647605,13648334,+
WBGene00008037,X,13651149,13651737,+
WBGene00007285,X,13660519,13662963,+
WBGene00007288,X,13664589,13665352,+
WBGene00007286,X,13665958,13668830,-
WBGene00007287,X,13677192,13682340,+
WBGene00000074,X,13687973,13695771,+
WBGene00010504,X,13706928,13708002,+
WBGene00010505,X,13708619,13711964,-
WBGene00010773,X,13714157,13716298,+
WBGene00010774,X,13717584,13719217,+
WBGene00010775,X,13719207,13722917,-
WBGene00077679,X,13724664,13726003,+
WBGene00010776,X,13727298,13734404,+
WBGene00003661,X,13747315,13751777,+
WBGene00010115,X,13755771,13759391,+
WBGene00010116,X,13760237,13763998,+
WBGene00010117,X,13765331,13770558,-
WBGene00010118,X,13785479,13789238,+
WBGene00014217,X,13790832,13792258,+
WBGene00014216,X,13792305,13793625,-
WBGene00014215,X,13798222,13809857,-
WBGene00006676,X,13817999,13823582,-
WBGene00008955,X,13834427,13836522,+
WBGene00010833,X,13841610,13843108,+
WBGene00010837,X,13844288,13844660,+
WBGene00010834,X,13852906,13857324,+
WBGene00010836,X,13858841,13872915,+
WBGene00010835,X,13861277,13864292,-
WBGene00011904,X,13865038,13882693,-
WBGene00005063,X,13890993,13893334,-
WBGene00005064,X,13897934,13900147,-
WBGene00005065,X,13901064,13903428,-
WBGene00012514,X,13908414,13909950,-
WBGene00012513,X,13910937,13912978,-
WBGene00012512,X,13914806,13917171,-
WBGene00010493,X,13922663,13926129,-
WBGene00010492,X,13927036,13929634,-
WBGene00010494,X,13930898,13932033,+
WBGene00001251,X,13934883,13941247,+
WBGene00000105,X,13949114,13956261,+
WBGene00006372,X,13960064,13962830,+
WBGene00009849,X,13963509,13965718,+
WBGene00004126,X,13965676,13968672,-
WBGene00009850,X,13975660,13976920,+
WBGene00009851,X,13977829,13979031,+
WBGene00009852,X,13979240,13980515,-
WBGene00009853,X,13980840,13981629,+
WBGene00007842,X,13984491,13985692,-
WBGene00007844,X,13986607,13989009,+
WBGene00007845,X,13989496,13990180,+
WBGene00007846,X,13991458,13995834,-
WBGene00007847,X,13996307,13999351,+
WBGene00007848,X,14001902,14003080,+
WBGene00007849,X,14003020,14012595,-
WBGene00007295,X,14020590,14022409,+
WBGene00007296,X,14033794,14037447,+
WBGene00001116,X,14049535,14063884,+
WBGene00007903,X,14064313,14067984,-
WBGene00007904,X,14071162,14076295,+
WBGene00007905,X,14076316,14078674,-
WBGene00007906,X,14080381,14084318,-
WBGene00008879,X,14085508,14089581,+
WBGene00001106,X,14090389,14095490,+
WBGene00008880,X,14095738,14098664,-
WBGene00008881,X,14100555,14101568,+
WBGene00008882,X,14102359,14107905,+
WBGene00008883,X,14108545,14109714,+
WBGene00008884,X,14111263,14113447,-
WBGene00009235,X,14116111,14116751,+
WBGene00009234,X,14117069,14125879,-
WBGene00009233,X,14127877,14133525,+
WBGene00044137,X,14133896,14134344,-
WBGene00009232,X,14137997,14140070,-
WBGene00009231,X,14141946,14144889,+
WBGene00000103,X,14147700,14152070,+
WBGene00010995,X,14155115,14157013,-
WBGene00010994,X,14158870,14161734,-
WBGene00010993,X,14163099,14164506,-
WBGene00006369,X,14164634,14169779,-
WBGene00007993,X,14170864,14174063,-
WBGene00007994,X,14176050,14178608,+
WBGene00007995,X,14178988,14181705,+
WBGene00000457,X,14183449,14185597,-
WBGene00000458,X,14197373,14209153,-
WBGene00010605,X,14214939,14219089,+
WBGene00010607,X,14219568,14223256,-
WBGene00010606,X,14225573,14228768,+
WBGene00005193,X,14229668,14230876,-
WBGene00005194,X,14233944,14235285,-
WBGene00010552,X,14238695,14241350,+
WBGene00010553,X,14241572,14243395,-
WBGene00010554,X,14245650,14246623,-
WBGene00010555,X,14248053,14249846,+
WBGene00008464,X,14250512,14252146,-
WBGene00008463,X,14254039,14255139,-
WBGene00077757,X,14256273,14257411,+
WBGene00008462,X,14257969,14262435,+
WBGene00194907,X,14262802,14263573,-
WBGene00000952,X,14271959,14277040,+
WBGene00008460,X,14278459,14281599,-
WBGene00006517,X,14284775,14293993,-
WBGene00007532,X,14295794,14296658,-
WBGene00007530,X,14298102,14303178,-
WBGene00007528,X,14304946,14307767,-
WBGene00007529,X,14307863,14311683,-
WBGene00004191,X,14313721,14326800,+
WBGene00023500,X,14318119,14320398,-
WBGene00007531,X,14327409,14330195,+
WBGene00004764,X,14332770,14340481,-
WBGene00010570,X,14335498,14336657,+
WBGene00010571,X,14345338,14347574,-
WBGene00010572,X,14350140,14352366,+
WBGene00002151,X,14353309,14370370,-
WBGene00013371,X,14376955,14377330,-
WBGene00013370,X,14383251,14383901,+
WBGene00013368,X,14392867,14394615,-
WBGene00011765,X,14406117,14411181,+
WBGene00045292,X,14411418,14412855,-
WBGene00045291,X,14413578,14415746,-
WBGene00009086,X,14416121,14421579,-
WBGene00009090,X,14423405,14423883,+
WBGene00194674,X,14423871,14424751,-
WBGene00009085,X,14425445,14428152,-
WBGene00044136,X,14434212,14435363,+
WBGene00009087,X,14442621,14443446,+
WBGene00009088,X,14445001,14446165,+
WBGene00009089,X,14448224,14453562,+
WBGene00009091,X,14453557,14453835,-
WBGene00044156,X,14454689,14455519,-
WBGene00044157,X,14460349,14462139,+
WBGene00010938,X,14462857,14464400,+
WBGene00010939,X,14464809,14467615,+
WBGene00044145,X,14469647,14470066,+
WBGene00044146,X,14470987,14471772,+
WBGene00010937,X,14474038,14476153,+
WBGene00044147,X,14479378,14480256,+
WBGene00001583,X,14480572,14484702,+
WBGene00010940,X,14485127,14485955,+
WBGene00001898,X,14490094,14491115,+
WBGene00010936,X,14496085,14499434,+
WBGene00010935,X,14502487,14503862,-
WBGene00008355,X,14511248,14512912,-
WBGene00008354,X,14514136,14515073,-
WBGene00044134,X,14516860,14519229,+
WBGene00008353,X,14520763,14522705,+
WBGene00008357,X,14523575,14523997,+
WBGene00008359,X,14524758,14525181,-
WBGene00194813,X,14526109,14526535,-
WBGene00008358,X,14527173,14527569,-
WBGene00008360,X,14528717,14529074,+
WBGene00008356,X,14529788,14530214,-
WBGene00011984,X,14537897,14539522,+
WBGene00011983,X,14540686,14542058,-
WBGene00011982,X,14543557,14544643,+
WBGene00011981,X,14545855,14546720,+
WBGene00004301,X,14550138,14556297,+
WBGene00003602,X,14558504,14561425,+
WBGene00008094,X,14568854,14589101,-
WBGene00008093,X,14572719,14576102,+
WBGene00002282,X,14577935,14580921,+
WBGene00006366,X,14581654,14584374,+
WBGene00006524,X,14589624,14591821,+
WBGene00008096,X,14595125,14595944,+
WBGene00008095,X,14596476,14599158,-
WBGene00001325,X,14603017,14608655,+
WBGene00004313,X,14611380,14624824,+
WBGene00010058,X,14625452,14628916,-
WBGene00010059,X,14632092,14636472,-
WBGene00010060,X,14641391,14645486,-
WBGene00007750,X,14654972,14662841,+
WBGene00007751,X,14664289,14671336,+
WBGene00004854,X,14674328,14683326,+
WBGene00000822,X,14684877,14688322,+
WBGene00004950,X,14690846,14692999,-
WBGene00001828,X,14696412,14699977,-
WBGene00009573,X,14701790,14703682,+
WBGene00009574,X,14703715,14706859,-
WBGene00006432,X,14710475,14718779,+
WBGene00009357,X,14721398,14723437,+
WBGene00006634,X,14726626,14729482,-
WBGene00009358,X,14732283,14734457,+
WBGene00007347,X,14734443,14740088,-
WBGene00050939,X,14743591,14744427,-
WBGene00007348,X,14747320,14750390,+
WBGene00007349,X,14750849,14752011,-
WBGene00007350,X,14754026,14756459,+
WBGene00007351,X,14756075,14760963,-
WBGene00012445,X,14761966,14771885,-
WBGene00006743,X,14773538,14783564,+
WBGene00009628,X,14791008,14792980,+
WBGene00009629,X,14794217,14804359,+
WBGene00044139,X,14807236,14807944,+
WBGene00000221,X,14808846,14810849,-
WBGene00011426,X,14812361,14814380,+
WBGene00001329,X,14815828,14818507,-
WBGene00003149,X,14819909,14824540,-
WBGene00001055,X,14831824,14838241,+
WBGene00007772,X,14845937,14849217,+
WBGene00007775,X,14849275,14852619,+
WBGene00007771,X,14852552,14853762,-
WBGene00007774,X,14854131,14856518,+
WBGene00007776,X,14857303,14861801,-
WBGene00007773,X,14863678,14865844,-
WBGene00009300,X,14867101,14868300,-
WBGene00009301,X,14869606,14870675,-
WBGene00009302,X,14871836,14872867,-
WBGene00044138,X,14876150,14878855,+
WBGene00001451,X,14881419,14882300,+
WBGene00000902,X,14888488,14894297,+
WBGene00003517,X,14895145,14898449,+
WBGene00009303,X,14898505,14900772,+
WBGene00013497,X,14901881,14905261,-
WBGene00013496,X,14918836,14923942,+
WBGene00008808,X,14925031,14928934,-
WBGene00003411,X,14938502,14946317,-
WBGene00003909,X,14951200,14954544,-
WBGene00009720,X,14960544,14961571,-
WBGene00004353,X,14962922,14963995,+
WBGene00004354,X,14964553,14965976,+
WBGene00008973,X,14968900,14970271,-
WBGene00008974,X,14970751,14974779,+
WBGene00008975,X,14976117,14978714,+
WBGene00008980,X,14979374,14980435,+
WBGene00008976,X,14982140,14982804,-
WBGene00004317,X,14983533,14987365,+
WBGene00008977,X,14987369,14991380,-
WBGene00008978,X,14994752,14999198,-
WBGene00008979,X,15002034,15003941,-
WBGene00007668,X,15004064,15007308,-
WBGene00007663,X,15012684,15012926,+
WBGene00007664,X,15026308,15031084,+
WBGene00001096,X,15031353,15034541,-
WBGene00007666,X,15036662,15040602,-
WBGene00044141,X,15051688,15052870,+
WBGene00010358,X,15053883,15054652,+
WBGene00010361,X,15055500,15056822,-
WBGene00010360,X,15058509,15060399,-
WBGene00010359,X,15067476,15069342,-
WBGene00010434,X,15069743,15076480,-
WBGene00014793,X,15076696,15077748,-
WBGene00010433,X,15080779,15084086,-
WBGene00008609,X,15084749,15088135,+
WBGene00001468,X,15089397,15093585,+
WBGene00195212,X,15093581,15095073,-
WBGene00008607,X,15095343,15097954,-
WBGene00008606,X,15098066,15100416,-
WBGene00008605,X,15101787,15107967,-
WBGene00011101,X,15109951,15116618,-
WBGene00006747,X,15120975,15147740,-
WBGene00007525,X,15157359,15158749,-
WBGene00011684,X,15161283,15166222,-
WBGene00011685,X,15164408,15164859,+
WBGene00003840,X,15168722,15173621,+
WBGene00011679,X,15173904,15178145,+
WBGene00000618,X,15175035,15176481,-
WBGene00011680,X,15178096,15181501,-
WBGene00011681,X,15190100,15193066,+
WBGene00011683,X,15193086,15194324,-
WBGene00011682,X,15195922,15199136,-
WBGene00010356,X,15209289,15213259,-
WBGene00010357,X,15225869,15230645,-
WBGene00009552,X,15234829,15246365,-
WBGene00009788,X,15257597,15259048,+
WBGene00009787,X,15259579,15260290,-
WBGene00009789,X,15262727,15267857,+
WBGene00002203,X,15269074,15281110,-
WBGene00007262,X,15284182,15286227,+
WBGene00004777,X,15286579,15302963,-
WBGene00003681,X,15309374,15314899,+
WBGene00012441,X,15314874,15317223,-
WBGene00012442,X,15322249,15325809,-
WBGene00012443,X,15330964,15333960,+
WBGene00012444,X,15343154,15344146,+
WBGene00007877,X,15355238,15363861,+
WBGene00007878,X,15365994,15369999,+
WBGene00006462,X,15369974,15377685,-
WBGene00009560,X,15407931,15419290,+
WBGene00004123,X,15409149,15415493,-
WBGene00009561,X,15420979,15425114,+
WBGene00003532,X,15425274,15428180,-
WBGene00010981,X,15429925,15431198,-
WBGene00010982,X,15433787,15434972,+
WBGene00010983,X,15435665,15440794,-
WBGene00010984,X,15441731,15443641,+
WBGene00010985,X,15446724,15450362,+
WBGene00010986,X,15461843,15470758,+
WBGene00008116,X,15470795,15477402,-
WBGene00001556,X,15479017,15485700,+
WBGene00010396,X,15488106,15491987,+
WBGene00001649,X,15493536,15497504,+
WBGene00010397,X,15497555,15500279,+
WBGene00006541,X,15500259,15504895,-
WBGene00044142,X,15503404,15505373,+
WBGene00006494,X,15506037,15507880,-
WBGene00001148,X,15516655,15524020,+
WBGene00007260,X,15537662,15546323,+
WBGene00007261,X,15546688,15552233,-
WBGene00001130,X,15568890,15573693,+
WBGene00010703,X,15577470,15586803,+
WBGene00001520,X,15586812,15590397,-
WBGene00010702,X,15591368,15595387,+
WBGene00194849,X,15596215,15596689,-
WBGene00010701,X,15601067,15603763,+
WBGene00004276,X,15604635,15606635,-
WBGene00010700,X,15607969,15610631,+
WBGene00010726,X,15611824,15613791,-
WBGene00010725,X,15613805,15616519,-
WBGene00010724,X,15620489,15626629,+
WBGene00044143,X,15628606,15630440,-
WBGene00194664,X,15640903,15642853,+
WBGene00010372,X,15642938,15644336,+
WBGene00010332,X,15646380,15647369,-
WBGene00010331,X,15648263,15650905,-
WBGene00010329,X,15666761,15672363,+
WBGene00010330,X,15672743,15675722,-
WBGene00001687,X,15681693,15687477,+
WBGene00007284,X,15689449,15696423,+
WBGene00014039,X,15696700,15698062,+
WBGene00003638,X,15708195,15716444,+
WBGene00045494,X,15718625,15720415,+
WBGene00014040,X,15721270,15723776,+
WBGene00023497,X,15726129,15732025,+
WBGene00023498,X,15731968,15735386,+
WBGene00005221,X,15736844,15740626,-
WBGene00014068,X,15742610,15744298,+
WBGene00014070,X,15747005,15752138,+
WBGene00014069,X,15748483,15749206,-
WBGene00006950,X,15752258,15757269,-
WBGene00044630,X,15757868,15766354,-
WBGene00012407,X,15767437,15771509,-
WBGene00012408,X,15771707,15772735,-
WBGene00195210,X,15773858,15774185,+
WBGene00012409,X,15781625,15784670,-
WBGene00012411,X,15786529,15786826,-
WBGene00044154,X,15793767,15794936,-
WBGene00012412,X,15797332,15799695,-
WBGene00012413,X,15801310,15804172,-
WBGene00012414,X,15822552,15823055,+
WBGene00012415,X,15826645,15827893,+
WBGene00219351,X,15828626,15829772,+
WBGene00010336,X,15834052,15838546,-
WBGene00010337,X,15841572,15842379,+
WBGene00010338,X,15842356,15847593,-
WBGene00010339,X,15849885,15851771,+
WBGene00010011,X,15852935,15860608,-
WBGene00010007,X,15857153,15857974,+
WBGene00000803,X,15861294,15865918,-
WBGene00010009,X,15866411,15868764,+
WBGene00010010,X,15879096,15885617,+
WBGene00010008,X,15885604,15887593,-
WBGene00009278,X,15910638,15914159,+
WBGene00009281,X,15915699,15917100,-
WBGene00009279,X,15918137,15920423,+
WBGene00009280,X,15923738,15925169,+
WBGene00008468,X,15926549,15928487,+
WBGene00003409,X,15929958,15939324,-
WBGene00003169,X,15944009,15948951,+
WBGene00000759,X,15951503,15954570,+
WBGene00007487,X,15959100,15962344,+
WBGene00004103,X,15966112,15972300,-
WBGene00007484,X,15977762,15982600,-
WBGene00007485,X,15986163,15987594,+
WBGene00007486,X,15987971,15996936,-
WBGene00044150,X,16013605,16016920,-
WBGene00003729,X,16017263,16021776,+
WBGene00007174,X,16030806,16034816,+
WBGene00007175,X,16035055,16039514,-
WBGene00012073,X,16049844,16054623,+
WBGene00206527,X,16055620,16056282,+
WBGene00012074,X,16057719,16058934,-
WBGene00012075,X,16062685,16063290,+
WBGene00012077,X,16063860,16066877,-
WBGene00012076,X,16067069,16067463,-
WBGene00000760,X,16072903,16074852,+
WBGene00007818,X,16075061,16075668,-
WBGene00007816,X,16076809,16085215,-
WBGene00007817,X,16082435,16085799,+
WBGene00007819,X,16094067,16096497,+
WBGene00014214,X,16103643,16123903,+
WBGene00014213,X,16123942,16128865,-
WBGene00008622,X,16140507,16147022,-
WBGene00008621,X,16159648,16163548,-
WBGene00011227,X,16184370,16185419,+
WBGene00011226,X,16189856,16195007,+
WBGene00011228,X,16196911,16199932,-
WBGene00011229,X,16210303,16210651,-
WBGene00009069,X,16212606,16213072,+
WBGene00044638,X,16213373,16213599,+
WBGene00009067,X,16217392,16217666,+
WBGene00009068,X,16220010,16223519,+
WBGene00009070,X,16229463,16236856,+
WBGene00012378,X,16245194,16245559,+
WBGene00219300,X,16247920,16250554,-
WBGene00004789,X,16254843,16262151,-
WBGene00003485,X,16262295,16265686,-
WBGene00002051,X,16267257,16270056,-
WBGene00004745,X,16275769,16282436,+
WBGene00009933,X,16282806,16283203,-
WBGene00009934,X,16283803,16284069,+
WBGene00009935,X,16285598,16292990,-
WBGene00006674,X,16299904,16304122,+
WBGene00006675,X,16306464,16314998,+
WBGene00011310,X,16315356,16317729,-
WBGene00007523,X,16329217,16329997,+
WBGene00006384,X,16332440,16346027,+
WBGene00003624,X,16354976,16359654,+
WBGene00000035,X,16367229,16373789,+
WBGene00006353,X,16376595,16380047,+
WBGene00002280,X,16380597,16389371,-
WBGene00017170,X,16395076,16396949,+
WBGene00206382,X,16397070,16398368,-
WBGene00020770,X,16398958,16417063,-
WBGene00018188,X,16437745,16440501,+
WBGene00018187,X,16446197,16451336,+
WBGene00018186,X,16451942,16452559,+
WBGene00003555,X,16456927,16471325,+
WBGene00018184,X,16471058,16474819,+
WBGene00000281,X,16487481,16489397,+
WBGene00019423,X,16494930,16499875,+
WBGene00019422,X,16501332,16501943,+
WBGene00020795,X,16505248,16507411,+
WBGene00020794,X,16515565,16519175,+
WBGene00020793,X,16519483,16522295,+
WBGene00003933,X,16536837,16540207,+
WBGene00003883,X,16541330,16551211,+
WBGene00019519,X,16551166,16553887,-
WBGene00019518,X,16558444,16562549,+
WBGene00004776,X,16579745,16587624,+
WBGene00000401,X,16595238,16602238,+
WBGene00045272,X,16602445,16602717,-
WBGene00019102,X,16603364,16609524,-
WBGene00015547,X,16613451,16617675,+
WBGene00015546,X,16621807,16622739,+
WBGene00015545,X,16633363,16637633,+
WBGene00018373,X,16638226,16662823,-
WBGene00018374,X,16665116,16674732,-
WBGene00017727,X,16677340,16677738,-
WBGene00017726,X,16678488,16679823,+
WBGene00255607,X,16687681,16688155,-
WBGene00017730,X,16689366,16690860,-
WBGene00017725,X,16702442,16703440,+
WBGene00020657,X,16711681,16720658,+
WBGene00001837,X,16729559,16744698,+
WBGene00015673,X,16745753,16748208,+
WBGene00015674,X,16749755,16751110,-
WBGene00015675,X,16751864,16753673,-
WBGene00015672,X,16763153,16766656,+
WBGene00015676,X,16767422,16770498,-
WBGene00020144,X,16780994,16782894,-
WBGene00020143,X,16786438,16787620,+
WBGene00020146,X,16791347,16793137,-
WBGene00020142,X,16796087,16803357,+
WBGene00003168,X,16803368,16807125,-
WBGene00000294,X,16807461,16813673,-
WBGene00006067,X,16816260,16819268,-
WBGene00018308,X,16829767,16830672,-
WBGene00018309,X,16830673,16832740,-
WBGene00018310,X,16833588,16836404,-
WBGene00018307,X,16841105,16842975,+
WBGene00018311,X,16843355,16845024,-
WBGene00020631,X,16860396,16861387,+
WBGene00020633,X,16866069,16869031,-
WBGene00020630,X,16872926,16878351,+
WBGene00020634,X,16878148,16880526,-
WBGene00021188,X,16883673,16884541,+
WBGene00021189,X,16885191,16885587,+
WBGene00018203,X,16891991,16893148,+
WBGene00018202,X,16894884,16895916,+
WBGene00018204,X,16902391,16904332,-
WBGene00018205,X,16913031,16913769,-
WBGene00016257,X,16916812,16919319,-
WBGene00016254,X,16921853,16922861,+
WBGene00016253,X,16923936,16925917,+
WBGene00016252,X,16925954,16926821,+
WBGene00016251,X,16926964,16928023,+
WBGene00018711,X,16944877,16948026,-
WBGene00018712,X,16948355,16952113,-
WBGene00018710,X,16963871,16972808,+
WBGene00018713,X,16973227,16976130,-
WBGene00019347,X,16986629,17008462,+
WBGene00018030,X,17013462,17014028,+
WBGene00018028,X,17015297,17017814,+
WBGene00018031,X,17019616,17020958,-
WBGene00004121,X,17021821,17030219,-
WBGene00018033,X,17035206,17042985,-
WBGene00016268,X,17044115,17045497,-
WBGene00001537,X,17046261,17055581,-
WBGene00016269,X,17056925,17072188,-
WBGene00016271,X,17073810,17080685,-
WBGene00044773,X,17081128,17082042,+
WBGene00015583,X,17087882,17093299,-
WBGene00004932,X,17092718,17094223,+
WBGene00015586,X,17094288,17096537,-
WBGene00015587,X,17099112,17100752,-
WBGene00015588,X,17102845,17104871,-
WBGene00015589,X,17106790,17108244,-
WBGene00019576,X,17109282,17110655,-
WBGene00019577,X,17113164,17115189,-
WBGene00019574,X,17117659,17117988,+
WBGene00019578,X,17131348,17134527,-
WBGene00020725,X,17135975,17138110,-
WBGene00020726,X,17147531,17149927,-
WBGene00007011,X,17151522,17154595,+
WBGene00020727,X,17155088,17157957,-
WBGene00015121,X,17176490,17176777,-
WBGene00015119,X,17178539,17178992,+
WBGene00002207,X,17186380,17193289,+
WBGene00015122,X,17193300,17195137,-
WBGene00020365,X,17205243,17209365,-
WBGene00020366,X,17213144,17214929,-
WBGene00020812,X,17215018,17217105,-
WBGene00004270,X,17222475,17224464,+
WBGene00020813,X,17225197,17230208,-
WBGene00000993,X,17230719,17235838,-
WBGene00020811,X,17231790,17234790,+
WBGene00020817,X,17236933,17237855,-
WBGene00219274,X,17243357,17244762,+
WBGene00020810,X,17247674,17248972,+
WBGene00020809,X,17248837,17250007,+
WBGene00021500,X,17256235,17256780,-
WBGene00021499,X,17258335,17259585,-
WBGene00021498,X,17259889,17263584,+
WBGene00021501,X,17263831,17266460,-
WBGene00016348,X,17266695,17269960,+
WBGene00016347,X,17272934,17279532,+
WBGene00016349,X,17293094,17294828,-
WBGene00016350,X,17301374,17301923,-
WBGene00016346,X,17302719,17303994,+
WBGene00016345,X,17305325,17306164,+
WBGene00016901,X,17310908,17311213,+
WBGene00004220,X,17318584,17326603,+
WBGene00044770,X,17334052,17336169,+
WBGene00016900,X,17337279,17338632,+
WBGene00016899,X,17339907,17342220,+
WBGene00017338,X,17359770,17364764,+
WBGene00017339,X,17364646,17368642,-
WBGene00017340,X,17372318,17374877,-
WBGene00271701,X,17378569,17379775,-
WBGene00017341,X,17380668,17382005,-
WBGene00017342,X,17383125,17391615,-
WBGene00006886,X,17393789,17396556,-
WBGene00017376,X,17396814,17397798,+
WBGene00017379,X,17398593,17399357,+
WBGene00017378,X,17401571,17402581,+
WBGene00000792,X,17402540,17414014,-
WBGene00003891,X,17420211,17421582,-
WBGene00017375,X,17429042,17433103,+
WBGene00016489,X,17434445,17438080,+
WBGene00044683,X,17438619,17439751,+
WBGene00016490,X,17452392,17455861,+
WBGene00003370,X,17455779,17456586,-
WBGene00003369,X,17459115,17460778,+
WBGene00022647,X,17460778,17464966,-
WBGene00022648,X,17465454,17466894,-
WBGene00006602,X,17467121,17474585,-
WBGene00020086,X,17483012,17486831,-
WBGene00003600,X,17518445,17528197,+
WBGene00006319,X,17528344,17531980,+
WBGene00017938,X,17532976,17534064,-
WBGene00001968,X,17547817,17548637,-
WBGene00001967,X,17551057,17551877,+
WBGene00017939,X,17554946,17561464,-
WBGene00018191,X,17567643,17571923,-
WBGene00018192,X,17578692,17579111,-
WBGene00002272,X,17600412,17601503,+
WBGene00015868,X,17601607,17610048,-
WBGene00015867,X,17617827,17619458,+
WBGene00019211,X,17622778,17640743,-
WBGene00044771,X,17650178,17651594,+
WBGene00003744,X,17662458,17665357,+
WBGene00020732,X,17671029,17680793,+
WBGene00044772,X,17680873,17682294,-
WBGene00017625,X,17695232,17701744,+
WBGene00019189,X,17710286,17711674,-
WBGene00007069,X,17714456,17714832,+
WBGene00007068,X,17714968,17718720,+
WBGene00021406,IV,695,14926,+
WBGene00021407,IV,8765,11070,-
WBGene00021408,IV,15499,20899,-
WBGene00021405,IV,21493,23198,+
WBGene00021409,IV,24683,26388,-
WBGene00021404,IV,26982,32380,+
WBGene00001492,IV,32481,48880,-
WBGene00021403,IV,36809,39114,+
WBGene00235257,IV,53401,53631,-
WBGene00235258,IV,57981,58395,-
WBGene00235260,IV,61748,65984,+
WBGene00235261,IV,76370,76531,+
WBGene00235262,IV,79276,79380,+
WBGene00015246,IV,86890,90082,-
WBGene00006599,IV,92016,110756,+
WBGene00015247,IV,108971,112054,-
WBGene00017927,IV,111465,111862,+
WBGene00017928,IV,119272,121707,-
WBGene00017929,IV,121797,126225,-
WBGene00017926,IV,126731,127640,+
WBGene00000897,IV,132416,138076,+
WBGene00000674,IV,138346,147919,-
WBGene00021400,IV,156071,157901,-
WBGene00021398,IV,158962,159836,+
WBGene00219750,IV,160164,161663,+
WBGene00021397,IV,162830,164814,+
WBGene00021396,IV,165077,169980,+
WBGene00006561,IV,179008,183261,+
WBGene00021395,IV,184554,192151,+
WBGene00021402,IV,192256,194745,+
WBGene00000815,IV,194745,202586,+
WBGene00044736,IV,203322,205262,+
WBGene00195063,IV,205239,208049,+
WBGene00021394,IV,208189,217390,+
WBGene00021401,IV,218551,220854,+
WBGene00019821,IV,225439,231773,-
WBGene00019822,IV,232473,237450,-
WBGene00019823,IV,237591,240307,-
WBGene00019820,IV,240451,244129,+
WBGene00019819,IV,245114,251925,+
WBGene00001728,IV,251970,252554,-
WBGene00019824,IV,253571,255429,-
WBGene00019825,IV,255966,257199,-
WBGene00001071,IV,257384,259204,-
WBGene00020647,IV,259970,261683,-
WBGene00003932,IV,261886,264232,-
WBGene00020651,IV,266448,268322,+
WBGene00020650,IV,269407,272099,+
WBGene00005487,IV,272315,273263,-
WBGene00020649,IV,274570,279940,+
WBGene00206487,IV,283647,287212,+
WBGene00045177,IV,287305,288127,-
WBGene00020648,IV,288803,291456,-
WBGene00019298,IV,292429,298280,-
WBGene00019300,IV,307505,311232,+
WBGene00019299,IV,311512,313697,-
WBGene00001099,IV,315056,320605,-
WBGene00001735,IV,321571,323022,-
WBGene00017578,IV,325063,330631,+
WBGene00000675,IV,325437,326711,-
WBGene00017577,IV,330823,334385,+
WBGene00017574,IV,334809,337178,-
WBGene00017576,IV,339629,358976,+
WBGene00022048,IV,359204,376062,-
WBGene00004981,IV,379898,383185,-
WBGene00020295,IV,383701,384936,-
WBGene00004493,IV,385894,386607,+
WBGene00044789,IV,386699,387949,+
WBGene00020300,IV,388084,388733,+
WBGene00001338,IV,388686,390468,-
WBGene00020298,IV,390512,393158,+
WBGene00045249,IV,393156,393546,-
WBGene00020297,IV,393880,396554,+
WBGene00020296,IV,396545,399095,+
WBGene00001666,IV,401695,405346,+
WBGene00002187,IV,405621,410033,-
WBGene00020299,IV,410831,415615,+
WBGene00001332,IV,415635,419958,-
WBGene00000913,IV,419938,425181,-
WBGene00022046,IV,425972,427204,+
WBGene00022047,IV,428070,429133,-
WBGene00002041,IV,429214,440554,-
WBGene00022045,IV,443985,444783,+
WBGene00022044,IV,445677,448439,+
WBGene00235263,IV,451118,454916,-
WBGene00235264,IV,455073,455401,+
WBGene00019772,IV,455726,457099,+
WBGene00019773,IV,458032,461029,-
WBGene00019774,IV,461292,481167,-
WBGene00021011,IV,505069,506600,-
WBGene00021012,IV,506737,519457,-
WBGene00000213,IV,520214,523809,-
WBGene00021010,IV,524652,526479,+
WBGene00021013,IV,527379,528583,-
WBGene00001625,IV,532135,535703,+
WBGene00017276,IV,543231,544086,-
WBGene00018924,IV,548302,553231,+
WBGene00001165,IV,559234,568076,+
WBGene00018927,IV,562022,563560,+
WBGene00018925,IV,568372,570875,-
WBGene00001579,IV,572723,583577,+
WBGene00018926,IV,580283,582230,-
WBGene00189987,IV,583813,587829,-
WBGene00015995,IV,586291,587712,+
WBGene00015996,IV,589030,592485,-
WBGene00015994,IV,593329,595233,+
WBGene00015997,IV,595722,596419,-
WBGene00044457,IV,596864,598771,+
WBGene00015998,IV,599449,601695,-
WBGene00015999,IV,602991,603643,-
WBGene00000676,IV,604444,605876,+
WBGene00002140,IV,606355,614021,+
WBGene00015993,IV,615544,620925,+
WBGene00015497,IV,627537,633954,+
WBGene00019665,IV,649665,651994,+
WBGene00019658,IV,652130,653421,-
WBGene00004427,IV,653436,654576,-
WBGene00019664,IV,655353,658604,+
WBGene00019663,IV,665525,666917,+
WBGene00019662,IV,667291,668556,+
WBGene00044723,IV,668962,670555,-
WBGene00019659,IV,671634,673480,-
WBGene00019660,IV,674036,675883,-
WBGene00044458,IV,676075,676687,+
WBGene00019661,IV,677616,679171,+
WBGene00018256,IV,684497,688336,+
WBGene00021950,IV,698761,707719,-
WBGene00021949,IV,716626,717700,+
WBGene00044460,IV,717925,719451,-
WBGene00044459,IV,719766,727481,-
WBGene00021951,IV,728500,731037,-
WBGene00021948,IV,736675,753316,+
WBGene00021947,IV,756721,759084,+
WBGene00001788,IV,760610,762342,+
WBGene00000677,IV,762416,763680,-
WBGene00018928,IV,764078,768584,-
WBGene00018933,IV,771603,772797,+
WBGene00018932,IV,773228,776655,+
WBGene00018931,IV,778784,784182,+
WBGene00004824,IV,786234,794326,-
WBGene00018930,IV,788055,790835,+
WBGene00018935,IV,794632,795689,-
WBGene00018934,IV,795755,796567,-
WBGene00001154,IV,797023,799922,+
WBGene00021935,IV,800818,804547,+
WBGene00185088,IV,805102,806236,+
WBGene00235283,IV,806426,807030,-
WBGene00021936,IV,807439,824954,-
WBGene00021942,IV,830359,831896,-
WBGene00044742,IV,832362,833329,+
WBGene00021943,IV,835033,842126,-
WBGene00021941,IV,845881,848850,+
WBGene00021945,IV,849269,854780,-
WBGene00044757,IV,855673,856846,+
WBGene00021939,IV,857327,874724,+
WBGene00021938,IV,874791,881910,+
WBGene00007007,IV,885346,890200,+
WBGene00016649,IV,891239,892614,+
WBGene00045301,IV,892806,894586,+
WBGene00016648,IV,895391,896766,+
WBGene00045300,IV,896958,898739,+
WBGene00016647,IV,899543,900918,+
WBGene00045299,IV,901110,902891,+
WBGene00016646,IV,903696,905071,+
WBGene00045298,IV,905263,907044,+
WBGene00019073,IV,907848,909223,+
WBGene00019072,IV,909415,913167,+
WBGene00019070,IV,919990,920808,+
WBGene00019069,IV,924936,939667,+
WBGene00019067,IV,930492,935699,-
WBGene00019068,IV,940017,945653,-
WBGene00004047,IV,959452,984392,+
WBGene00043705,IV,984405,990521,-
WBGene00002278,IV,992240,998348,+
WBGene00021923,IV,999214,1003639,+
WBGene00021925,IV,1003600,1005864,-
WBGene00021926,IV,1006083,1009734,-
WBGene00021922,IV,1010054,1012502,+
WBGene00021921,IV,1012624,1019558,+
WBGene00021927,IV,1027787,1030024,-
WBGene00021928,IV,1038671,1041008,-
WBGene00005903,IV,1045983,1049506,+
WBGene00219399,IV,1049607,1051685,-
WBGene00021929,IV,1052524,1054794,-
WBGene00021930,IV,1055023,1056313,-
WBGene00021920,IV,1056890,1057620,+
WBGene00021931,IV,1058695,1067525,-
WBGene00000816,IV,1077463,1087013,-
WBGene00021934,IV,1087095,1093920,-
WBGene00021933,IV,1094545,1096723,+
WBGene00021932,IV,1097453,1102980,+
WBGene00044462,IV,1103541,1104609,-
WBGene00016637,IV,1104773,1105086,+
WBGene00003893,IV,1107396,1110856,+
WBGene00005905,IV,1111462,1114820,-
WBGene00005904,IV,1114969,1118666,-
WBGene00016638,IV,1121457,1125107,-
WBGene00016636,IV,1126790,1128848,+
WBGene00016639,IV,1128964,1136947,-
WBGene00016797,IV,1145681,1158028,-
WBGene00016798,IV,1159637,1160484,-
WBGene00219437,IV,1163426,1164746,+
WBGene00016796,IV,1170672,1177776,+
WBGene00022426,IV,1178022,1182837,+
WBGene00022428,IV,1182592,1186604,+
WBGene00007020,IV,1187799,1192977,+
WBGene00022427,IV,1193065,1201846,+
WBGene00001104,IV,1202651,1204970,-
WBGene00001103,IV,1207255,1208102,-
WBGene00021123,IV,1216590,1218527,+
WBGene00044463,IV,1219333,1221287,-
WBGene00021122,IV,1226182,1227668,+
WBGene00021121,IV,1229080,1230789,+
WBGene00021120,IV,1231897,1232812,+
WBGene00009521,IV,1232872,1239852,-
WBGene00044908,IV,1241332,1243402,-
WBGene00009522,IV,1244247,1245344,-
WBGene00009523,IV,1245399,1246886,-
WBGene00009524,IV,1247386,1249025,+
WBGene00009518,IV,1249018,1251366,-
WBGene00009519,IV,1251861,1252470,+
WBGene00009517,IV,1253137,1255732,-
WBGene00009520,IV,1256956,1259344,+
WBGene00009526,IV,1261272,1264622,+
WBGene00009525,IV,1265228,1265848,+
WBGene00009515,IV,1266866,1274425,+
WBGene00007476,IV,1275865,1277091,+
WBGene00022425,IV,1289627,1296897,+
WBGene00018776,IV,1297222,1309652,-
WBGene00018778,IV,1310166,1328241,+
WBGene00018777,IV,1329162,1339376,+
WBGene00019054,IV,1341215,1342860,+
WBGene00019053,IV,1343679,1344798,+
WBGene00004338,IV,1347316,1352977,+
WBGene00000678,IV,1353636,1355305,-
WBGene00000679,IV,1357816,1359225,-
WBGene00019052,IV,1375369,1376563,-
WBGene00022423,IV,1386045,1399538,+
WBGene00022314,IV,1406542,1408131,+
WBGene00022309,IV,1408582,1410041,-
WBGene00022310,IV,1410786,1419847,-
WBGene00002180,IV,1420929,1421770,+
WBGene00022311,IV,1423095,1425062,-
WBGene00022312,IV,1425482,1426887,-
WBGene00235267,IV,1429041,1430367,-
WBGene00000546,IV,1431272,1435039,-
WBGene00000547,IV,1435465,1446182,-
WBGene00022308,IV,1447594,1448316,+
WBGene00022307,IV,1457075,1459521,+
WBGene00000680,IV,1459866,1460786,-
WBGene00022313,IV,1461899,1475109,-
WBGene00044464,IV,1485286,1489762,+
WBGene00003806,IV,1490653,1496022,-
WBGene00022306,IV,1497630,1509965,+
WBGene00019368,IV,1510546,1515251,+
WBGene00044719,IV,1515510,1516627,-
WBGene00019369,IV,1517969,1521324,-
WBGene00019367,IV,1523718,1526599,+
WBGene00019370,IV,1527221,1536398,-
WBGene00016427,IV,1545296,1566192,-
WBGene00000681,IV,1548721,1549714,+
WBGene00044073,IV,1550878,1553119,+
WBGene00016425,IV,1553752,1555567,+
WBGene00016424,IV,1555579,1557560,+
WBGene00021519,IV,1560104,1561811,+
WBGene00021518,IV,1562184,1564076,+
WBGene00021517,IV,1564081,1567716,+
WBGene00003794,IV,1567921,1595824,-
WBGene00021516,IV,1577087,1578889,+
WBGene00000416,IV,1597316,1601620,+
WBGene00021515,IV,1602985,1605609,+
WBGene00021514,IV,1605712,1608901,+
WBGene00001105,IV,1610236,1612915,+
WBGene00003712,IV,1613897,1616766,+
WBGene00021521,IV,1617416,1619285,-
WBGene00003682,IV,1620094,1623739,+
WBGene00003677,IV,1624064,1626666,+
WBGene00045255,IV,1626973,1630756,+
WBGene00021525,IV,1631951,1633257,+
WBGene00021513,IV,1633772,1637367,+
WBGene00021522,IV,1637954,1645290,-
WBGene00004497,IV,1659691,1660011,+
WBGene00021512,IV,1660112,1669707,+
WBGene00021511,IV,1672706,1676209,+
WBGene00021524,IV,1676720,1682159,-
WBGene00044618,IV,1699899,1702820,+
WBGene00019538,IV,1707296,1708691,+
WBGene00003947,IV,1708804,1709745,-
WBGene00019537,IV,1710265,1711127,+
WBGene00019536,IV,1711279,1714179,+
WBGene00019540,IV,1720790,1723067,+
WBGene00044293,IV,1723199,1724143,-
WBGene00195004,IV,1726145,1727980,+
WBGene00021507,IV,1727438,1737884,-
WBGene00021508,IV,1740921,1745587,-
WBGene00021506,IV,1745875,1751633,+
WBGene00021509,IV,1752270,1761647,-
WBGene00021505,IV,1753824,1755750,+
WBGene00000682,IV,1768621,1769667,+
WBGene00021504,IV,1772144,1774695,+
WBGene00021510,IV,1775277,1781562,-
WBGene00021410,IV,1802026,1803982,-
WBGene00004913,IV,1805037,1815099,-
WBGene00000683,IV,1817311,1820253,-
WBGene00195012,IV,1821817,1822408,+
WBGene00000553,IV,1824481,1834029,+
WBGene00019462,IV,1834628,1847336,+
WBGene00001173,IV,1847968,1880587,+
WBGene00001186,IV,1902323,1917841,+
WBGene00001253,IV,1917854,1921644,+
WBGene00018681,IV,1923939,1948040,+
WBGene00018680,IV,1948191,1953322,+
WBGene00018679,IV,1953579,1956704,+
WBGene00138717,IV,1956711,1959749,+
WBGene00018678,IV,1959854,1963240,+
WBGene00006738,IV,1963191,1964724,+
WBGene00021655,IV,1965481,1969650,+
WBGene00044466,IV,1969737,1970280,+
WBGene00022298,IV,1970734,1972977,-
WBGene00022297,IV,1973702,1975677,+
WBGene00022302,IV,1979988,1980363,+
WBGene00022300,IV,1981406,1992966,+
WBGene00022296,IV,1993089,2008993,+
WBGene00022301,IV,2009038,2032998,-
WBGene00022303,IV,2034982,2035986,-
WBGene00022295,IV,2037191,2043191,+
WBGene00044467,IV,2051500,2057079,+
WBGene00019874,IV,2057878,2059111,-
WBGene00019873,IV,2066200,2071741,+
WBGene00019875,IV,2084034,2091931,+
WBGene00044649,IV,2091929,2099890,-
WBGene00219423,IV,2100240,2102893,-
WBGene00000487,IV,2104056,2111605,-
WBGene00016027,IV,2111894,2113422,-
WBGene00016025,IV,2114626,2115625,+
WBGene00016024,IV,2122797,2126038,+
WBGene00001729,IV,2126145,2128852,-
WBGene00016023,IV,2130965,2133025,+
WBGene00077523,IV,2133481,2134708,+
WBGene00016918,IV,2136895,2146461,+
WBGene00235274,IV,2138251,2140631,-
WBGene00016920,IV,2146672,2149297,-
WBGene00001557,IV,2150650,2159162,-
WBGene00016919,IV,2161252,2168626,-
WBGene00016917,IV,2175606,2177579,+
WBGene00022134,IV,2177900,2198871,+
WBGene00044650,IV,2199041,2209051,+
WBGene00235277,IV,2216636,2216861,-
WBGene00020208,IV,2222828,2235795,+
WBGene00019785,IV,2237663,2242449,-
WBGene00019784,IV,2243060,2243699,+
WBGene00019783,IV,2245874,2252370,+
WBGene00019786,IV,2253004,2263704,-
WBGene00019787,IV,2264309,2275622,-
WBGene00002990,IV,2275864,2300351,-
WBGene00021416,IV,2304446,2306540,-
WBGene00006920,IV,2307819,2314567,-
WBGene00006912,IV,2314589,2315990,-
WBGene00219413,IV,2317797,2318027,+
WBGene00021415,IV,2324058,2326739,+
WBGene00021417,IV,2327126,2329640,-
WBGene00021425,IV,2333837,2348912,-
WBGene00021423,IV,2349271,2382171,+
WBGene00021421,IV,2384013,2388089,+
WBGene00021427,IV,2388195,2388675,-
WBGene00021420,IV,2389445,2390386,+
WBGene00021419,IV,2390821,2396263,+
WBGene00021428,IV,2396257,2399420,-
WBGene00021430,IV,2399515,2412410,-
WBGene00016671,IV,2432993,2436472,+
WBGene00000402,IV,2436505,2463405,-
WBGene00235340,IV,2441477,2451333,-
WBGene00016670,IV,2464456,2465401,+
WBGene00016669,IV,2467681,2468810,+
WBGene00016668,IV,2470414,2471449,+
WBGene00001705,IV,2476700,2480218,+
WBGene00044468,IV,2482255,2484218,+
WBGene00022090,IV,2488820,2494135,+
WBGene00022092,IV,2494513,2495174,-
WBGene00022089,IV,2495735,2497683,+
WBGene00022087,IV,2497801,2530296,+
WBGene00022093,IV,2504638,2507924,-
WBGene00022086,IV,2542326,2548719,+
WBGene00022094,IV,2549926,2551697,-
WBGene00235288,IV,2561658,2562030,+
WBGene00235342,IV,2562371,2562646,+
WBGene00022095,IV,2563778,2564069,-
WBGene00022096,IV,2565820,2568367,-
WBGene00022083,IV,2568614,2572056,+
WBGene00235343,IV,2572407,2572683,+
WBGene00022097,IV,2578932,2581583,-
WBGene00235294,IV,2597574,2597970,+
WBGene00022078,IV,2601141,2607571,+
WBGene00022077,IV,2608051,2610200,+
WBGene00022101,IV,2610408,2612435,+
WBGene00022099,IV,2612432,2613061,-
WBGene00022076,IV,2614200,2617135,+
WBGene00004878,IV,2619875,2625438,+
WBGene00003595,IV,2626132,2628271,-
WBGene00003161,IV,2636228,2641117,-
WBGene00022075,IV,2641310,2642113,+
WBGene00004367,IV,2642979,2650104,+
WBGene00022100,IV,2650384,2664003,-
WBGene00022074,IV,2667050,2672202,+
WBGene00022377,IV,2673098,2675015,-
WBGene00022376,IV,2676512,2678162,+
WBGene00044651,IV,2680098,2688808,-
WBGene00022378,IV,2688947,2703977,-
WBGene00006705,IV,2704693,2707231,-
WBGene00022382,IV,2709942,2711374,-
WBGene00050885,IV,2711939,2713035,-
WBGene00022379,IV,2713907,2716574,-
WBGene00022380,IV,2716661,2719834,-
WBGene00022381,IV,2720323,2725858,-
WBGene00022375,IV,2730252,2732404,+
WBGene00022374,IV,2743007,2747476,+
WBGene00044485,IV,2751868,2753461,+
WBGene00043061,IV,2759463,2762083,+
WBGene00235350,IV,2762680,2765612,+
WBGene00021876,IV,2765719,2771790,-
WBGene00021877,IV,2777232,2782843,-
WBGene00219424,IV,2778141,2778571,+
WBGene00044486,IV,2779111,2780666,+
WBGene00021868,IV,2788692,2796805,+
WBGene00045397,IV,2797061,2798573,-
WBGene00021875,IV,2799689,2801039,+
WBGene00044487,IV,2801902,2803240,+
WBGene00021894,IV,2803589,2804916,+
WBGene00044488,IV,2805839,2809504,+
WBGene00235268,IV,2809410,2812848,+
WBGene00021878,IV,2814568,2819733,-
WBGene00023484,IV,2820708,2823519,+
WBGene00043062,IV,2823746,2828069,+
WBGene00044491,IV,2831477,2832687,-
WBGene00044489,IV,2832877,2833480,+
WBGene00044490,IV,2834816,2835357,+
WBGene00021873,IV,2835664,2838583,+
WBGene00043702,IV,2838608,2839422,+
WBGene00021879,IV,2839375,2841434,-
WBGene00021895,IV,2842474,2845604,+
WBGene00021880,IV,2843224,2844007,-
WBGene00044495,IV,2846476,2851282,+
WBGene00044492,IV,2851691,2854293,-
WBGene00021872,IV,2854339,2855456,+
WBGene00021881,IV,2855607,2864843,-
WBGene00021882,IV,2872050,2890449,-
WBGene00021871,IV,2887025,2889021,+
WBGene00235102,IV,2890888,2891636,+
WBGene00021883,IV,2891560,2892495,-
WBGene00021884,IV,2893819,2894730,-
WBGene00021898,IV,2897694,2901648,+
WBGene00044493,IV,2918441,2919780,+
WBGene00021887,IV,2919826,2922251,-
WBGene00006708,IV,2922591,2925691,-
WBGene00021888,IV,2927515,2928421,-
WBGene00021870,IV,2931403,2936843,+
WBGene00021897,IV,2960123,2964395,+
WBGene00002243,IV,2964365,2978461,-
WBGene00189961,IV,2969940,2973394,+
WBGene00021890,IV,2986104,2995573,-
WBGene00021891,IV,2998877,2999485,-
WBGene00219425,IV,3000541,3008892,-
WBGene00021892,IV,3009639,3012421,-
WBGene00021869,IV,3012587,3014440,+
WBGene00003008,IV,3019738,3022315,+
WBGene00021893,IV,3023403,3028942,-
WBGene00022069,IV,3032578,3050102,-
WBGene00022067,IV,3053730,3062053,+
WBGene00022070,IV,3062524,3063366,-
WBGene00022071,IV,3065568,3066934,-
WBGene00022072,IV,3067848,3069876,-
WBGene00235279,IV,3070134,3076307,-
WBGene00022066,IV,3072297,3073916,+
WBGene00022073,IV,3077466,3086923,-
WBGene00003153,IV,3103157,3133147,-
WBGene00020730,IV,3146894,3148882,+
WBGene00020728,IV,3151361,3155987,+
WBGene00022061,IV,3169946,3172610,-
WBGene00022063,IV,3173550,3176115,-
WBGene00022062,IV,3186080,3191562,-
WBGene00023186,IV,3201560,3202211,-
WBGene00022064,IV,3202333,3203861,+
WBGene00019766,IV,3213764,3219825,+
WBGene00022059,IV,3222440,3252601,+
WBGene00022060,IV,3253263,3254543,-
WBGene00020831,IV,3258910,3263489,+
WBGene00020832,IV,3263851,3265372,-
WBGene00044469,IV,3266404,3267677,-
WBGene00020833,IV,3269527,3273397,-
WBGene00001548,IV,3282885,3289337,-
WBGene00021089,IV,3292120,3294633,+
WBGene00021088,IV,3295135,3297225,+
WBGene00021087,IV,3298629,3299687,+
WBGene00021086,IV,3300792,3301300,+
WBGene00021085,IV,3302358,3302973,+
WBGene00021084,IV,3303980,3304567,+
WBGene00021083,IV,3305898,3306541,+
WBGene00021090,IV,3306664,3307563,-
WBGene00021082,IV,3311276,3313180,+
WBGene00018327,IV,3330826,3331791,-
WBGene00018328,IV,3334042,3336868,-
WBGene00001999,IV,3336927,3338867,-
WBGene00018324,IV,3341470,3341939,+
WBGene00018330,IV,3342519,3350027,-
WBGene00018323,IV,3355057,3357551,+
WBGene00021953,IV,3363553,3366079,+
WBGene00021952,IV,3369197,3373467,+
WBGene00015249,IV,3373387,3378130,-
WBGene00015250,IV,3379020,3382841,-
WBGene00015251,IV,3382949,3384147,-
WBGene00015248,IV,3385903,3386904,+
WBGene00015252,IV,3388050,3390087,-
WBGene00015414,IV,3394366,3394527,+
WBGene00219410,IV,3395881,3396552,+
WBGene00001119,IV,3396581,3399123,-
WBGene00015413,IV,3399672,3403904,+
WBGene00015412,IV,3415683,3419234,+
WBGene00015416,IV,3419813,3422607,-
WBGene00195067,IV,3428134,3428534,-
WBGene00015411,IV,3428900,3430327,+
WBGene00015417,IV,3432872,3433487,-
WBGene00021033,IV,3436319,3437878,+
WBGene00001702,IV,3438312,3439503,+
WBGene00001692,IV,3439655,3440453,+
WBGene00001699,IV,3441055,3441770,+
WBGene00017281,IV,3442303,3444201,-
WBGene00019049,IV,3444914,3446528,+
WBGene00019051,IV,3453608,3454788,+
WBGene00019048,IV,3463567,3466276,+
WBGene00019047,IV,3467430,3469828,+
WBGene00019046,IV,3470042,3470711,+
WBGene00023475,IV,3475646,3477224,-
WBGene00015656,IV,3477392,3479011,-
WBGene00015655,IV,3479335,3479730,+
WBGene00023474,IV,3480011,3481860,-
WBGene00023463,IV,3482895,3484706,+
WBGene00015653,IV,3491777,3493216,+
WBGene00015652,IV,3493610,3495179,+
WBGene00044470,IV,3495296,3496440,-
WBGene00015651,IV,3498218,3503912,+
WBGene00023462,IV,3504444,3506115,+
WBGene00000424,IV,3506328,3509527,-
WBGene00015658,IV,3510046,3514572,-
WBGene00006769,IV,3516819,3526602,+
WBGene00019778,IV,3527354,3532521,+
WBGene00019777,IV,3533641,3539046,+
WBGene00015037,IV,3540136,3543603,+
WBGene00015038,IV,3543628,3547600,-
WBGene00003889,IV,3551090,3557431,-
WBGene00015036,IV,3565201,3567814,+
WBGene00015035,IV,3568979,3577630,+
WBGene00021375,IV,3578415,3579531,+
WBGene00021374,IV,3578937,3581020,+
WBGene00021376,IV,3580970,3582909,-
WBGene00006383,IV,3584314,3593615,-
WBGene00021377,IV,3593960,3598552,-
WBGene00021378,IV,3598656,3599299,-
WBGene00021379,IV,3599497,3600164,-
WBGene00021381,IV,3603550,3606466,-
WBGene00002188,IV,3606784,3609229,+
WBGene00022610,IV,3609218,3613072,-
WBGene00000481,IV,3613934,3624697,-
WBGene00006756,IV,3618259,3624697,-
WBGene00022609,IV,3633619,3635472,+
WBGene00022608,IV,3637079,3640265,+
WBGene00195049,IV,3641396,3642307,-
WBGene00016987,IV,3645166,3648684,-
WBGene00021362,IV,3658877,3668703,-
WBGene00003129,IV,3683537,3686865,-
WBGene00021363,IV,3687565,3694837,-
WBGene00021359,IV,3694905,3698436,+
WBGene00021358,IV,3698501,3699722,+
WBGene00021364,IV,3699804,3700654,-
WBGene00195010,IV,3701334,3701920,-
WBGene00021357,IV,3709515,3715381,+
WBGene00021367,IV,3715782,3722790,-
WBGene00021366,IV,3722886,3725461,-
WBGene00021365,IV,3726112,3735495,+
WBGene00021370,IV,3735845,3738917,-
WBGene00021371,IV,3739524,3740876,-
WBGene00021369,IV,3744048,3747655,+
WBGene00021372,IV,3748210,3751101,-
WBGene00021373,IV,3752612,3755419,-
WBGene00021368,IV,3756242,3759910,+
WBGene00006869,IV,3761192,3766826,-
WBGene00019546,IV,3784358,3794044,+
WBGene00019545,IV,3794767,3796267,+
WBGene00003884,IV,3796306,3800461,-
WBGene00019725,IV,3801864,3803426,-
WBGene00019724,IV,3803581,3804949,+
WBGene00019723,IV,3805485,3806711,+
WBGene00044690,IV,3806703,3807190,-
WBGene00019726,IV,3807870,3819328,-
WBGene00017907,IV,3826872,3835895,+
WBGene00000287,IV,3829546,3835165,-
WBGene00017906,IV,3839720,3841628,+
WBGene00006970,IV,3855843,3861552,+
WBGene00000009,IV,3862129,3865042,-
WBGene00018144,IV,3867147,3871842,+
WBGene00018145,IV,3871829,3874416,-
WBGene00018146,IV,3875410,3878372,-
WBGene00018148,IV,3878547,3881187,-
WBGene00018143,IV,3881852,3884683,+
WBGene00018142,IV,3885665,3888836,+
WBGene00018141,IV,3889263,3892563,+
WBGene00044471,IV,3892998,3893283,+
WBGene00044292,IV,3894058,3894430,-
WBGene00044472,IV,3895070,3895506,+
WBGene00023478,IV,3900571,3902326,+
WBGene00006488,IV,3903255,3903644,+
WBGene00235358,IV,3904920,3905372,+
WBGene00044473,IV,3906113,3906493,-
WBGene00235359,IV,3907292,3907627,-
WBGene00044474,IV,3908107,3908509,+
WBGene00044475,IV,3909381,3909799,+
WBGene00235285,IV,3911542,3911940,-
WBGene00235297,IV,3912853,3913125,+
WBGene00235293,IV,3914717,3915012,+
WBGene00018973,IV,3915610,3916901,+
WBGene00044476,IV,3917679,3918056,+
WBGene00235361,IV,3918460,3918723,+
WBGene00018972,IV,3919806,3921613,+
WBGene00018971,IV,3922165,3925045,+
WBGene00018970,IV,3926417,3929024,+
WBGene00021581,IV,3932733,3936238,+
WBGene00021582,IV,3937464,3939924,+
WBGene00021580,IV,3940259,3941702,-
WBGene00195003,IV,3943303,3943744,+
WBGene00021583,IV,3944816,3947364,+
WBGene00021579,IV,3953935,3956210,-
WBGene00021585,IV,3957005,3960139,+
WBGene00021586,IV,3960734,3964657,+
WBGene00021587,IV,3965246,3969025,+
WBGene00018548,IV,3973349,3975721,+
WBGene00005430,IV,3976429,3978015,-
WBGene00005432,IV,3979825,3981205,+
WBGene00005433,IV,3981901,3983609,+
WBGene00018547,IV,3989102,4014195,+
WBGene00018549,IV,3991650,3992240,-
WBGene00235115,IV,3993884,3994418,-
WBGene00018550,IV,3994902,3995484,-
WBGene00018551,IV,3998053,3998607,-
WBGene00020929,IV,4005477,4007848,-
WBGene00020930,IV,4014799,4028127,-
WBGene00018066,IV,4037909,4038737,+
WBGene00018065,IV,4040308,4041532,+
WBGene00018064,IV,4042575,4047786,+
WBGene00003955,IV,4047937,4049448,-
WBGene00006951,IV,4050049,4051639,-
WBGene00020982,IV,4062567,4063673,-
WBGene00006173,IV,4065905,4068412,+
WBGene00020979,IV,4068780,4069548,+
WBGene00004157,IV,4072327,4077644,+
WBGene00020983,IV,4073303,4074694,-
WBGene00016437,IV,4077671,4078953,-
WBGene00016434,IV,4079804,4080207,+
WBGene00195006,IV,4080171,4080946,-
WBGene00016433,IV,4081136,4081348,+
WBGene00016435,IV,4083603,4084209,-
WBGene00016432,IV,4086212,4102907,+
WBGene00006701,IV,4103020,4106220,+
WBGene00016436,IV,4109067,4110471,+
WBGene00044477,IV,4110544,4112487,-
WBGene00235365,IV,4114468,4114631,-
WBGene00235364,IV,4115576,4115734,-
WBGene00235363,IV,4115943,4116101,+
WBGene00018643,IV,4117732,4119179,+
WBGene00018645,IV,4119460,4120399,-
WBGene00018646,IV,4121342,4123166,-
WBGene00018647,IV,4123525,4125757,-
WBGene00018648,IV,4130503,4134631,-
WBGene00235367,IV,4135488,4135843,-
WBGene00018649,IV,4136848,4137567,-
WBGene00018650,IV,4138408,4139122,-
WBGene00235368,IV,4139685,4140363,-
WBGene00018651,IV,4140659,4141407,-
WBGene00018652,IV,4141734,4143019,-
WBGene00019933,IV,4145084,4147064,+
WBGene00019931,IV,4152547,4154029,+
WBGene00019533,IV,4154040,4154774,+
WBGene00219216,IV,4155273,4157185,+
WBGene00019531,IV,4162517,4164481,+
WBGene00019530,IV,4164692,4166230,+
WBGene00235369,IV,4166541,4168120,+
WBGene00019529,IV,4168038,4169891,+
WBGene00195048,IV,4170776,4171569,-
WBGene00004385,IV,4172076,4173988,+
WBGene00004386,IV,4174089,4176279,+
WBGene00001033,IV,4176388,4178364,+
WBGene00019535,IV,4178463,4179531,+
WBGene00019534,IV,4185550,4186199,-
WBGene00044478,IV,4196173,4196695,-
WBGene00019438,IV,4197467,4198365,+
WBGene00003938,IV,4199501,4204375,-
WBGene00017934,IV,4205975,4218259,+
WBGene00235371,IV,4219271,4220083,-
WBGene00044092,IV,4223857,4225946,-
WBGene00017935,IV,4226858,4228017,-
WBGene00017936,IV,4229195,4231861,-
WBGene00001074,IV,4235614,4236710,+
WBGene00000611,IV,4243548,4244610,-
WBGene00018086,IV,4244956,4245620,-
WBGene00018085,IV,4246760,4247486,+
WBGene00000123,IV,4248020,4258173,+
WBGene00000610,IV,4263293,4265202,+
WBGene00018084,IV,4265524,4266598,+
WBGene00018083,IV,4267582,4268236,+
WBGene00018082,IV,4269608,4270186,+
WBGene00018081,IV,4271215,4271820,+
WBGene00018080,IV,4272473,4272899,+
WBGene00003668,IV,4274341,4277875,-
WBGene00017487,IV,4278825,4284120,-
WBGene00005715,IV,4285403,4288432,-
WBGene00017486,IV,4289567,4290061,+
WBGene00017488,IV,4290189,4290703,-
WBGene00017485,IV,4291467,4291872,+
WBGene00044479,IV,4292869,4293611,+
WBGene00017489,IV,4293620,4299083,-
WBGene00017484,IV,4294877,4295687,+
WBGene00017483,IV,4301308,4304437,+
WBGene00017482,IV,4307896,4317140,+
WBGene00021287,IV,4317358,4321912,+
WBGene00020972,IV,4326656,4332018,+
WBGene00020973,IV,4332692,4335372,-
WBGene00020976,IV,4336834,4341304,+
WBGene00020977,IV,4342357,4346558,-
WBGene00020974,IV,4348446,4351848,+
WBGene00020978,IV,4352618,4356979,-
WBGene00005662,IV,4357631,4359936,+
WBGene00050916,IV,4359953,4360657,+
WBGene00018898,IV,4360837,4386533,+
WBGene00021286,IV,4386630,4388878,+
WBGene00004419,IV,4389135,4390649,-
WBGene00021282,IV,4390848,4393403,+
WBGene00021281,IV,4394410,4415622,+
WBGene00021283,IV,4398604,4399750,-
WBGene00021284,IV,4399879,4400400,-
WBGene00021285,IV,4404938,4405171,-
WBGene00019950,IV,4422339,4426566,+
WBGene00006228,IV,4427713,4429782,-
WBGene00019949,IV,4430229,4432165,+
WBGene00019951,IV,4433049,4434541,-
WBGene00019948,IV,4435127,4437318,+
WBGene00019952,IV,4437786,4439290,-
WBGene00019956,IV,4439816,4441177,-
WBGene00019953,IV,4442399,4445876,-
WBGene00019947,IV,4445990,4446997,+
WBGene00019946,IV,4447299,4449897,+
WBGene00019955,IV,4450000,4460027,+
WBGene00019945,IV,4451876,4452019,+
WBGene00019954,IV,4454773,4454937,-
WBGene00019718,IV,4460179,4462061,-
WBGene00019721,IV,4465484,4468509,+
WBGene00019719,IV,4468505,4477059,-
WBGene00019720,IV,4479693,4482764,-
WBGene00019717,IV,4487028,4489000,+
WBGene00022675,IV,4489012,4506708,-
WBGene00045248,IV,4490542,4495519,+
WBGene00022677,IV,4508499,4511320,-
WBGene00195011,IV,4511440,4511724,-
WBGene00022678,IV,4511896,4513319,-
WBGene00022679,IV,4515044,4517169,-
WBGene00022680,IV,4520181,4525043,-
WBGene00022683,IV,4528730,4530382,-
WBGene00044480,IV,4531222,4533121,-
WBGene00022682,IV,4536553,4541771,+
WBGene00044481,IV,4541769,4545918,-
WBGene00022681,IV,4548553,4552742,+
WBGene00017901,IV,4562654,4565674,+
WBGene00017902,IV,4566018,4567443,-
WBGene00017900,IV,4568841,4590297,+
WBGene00044302,IV,4594132,4595040,+
WBGene00017596,IV,4595052,4595530,+
WBGene00017595,IV,4595958,4596732,+
WBGene00017593,IV,4597195,4599002,+
WBGene00017592,IV,4599954,4602778,+
WBGene00017594,IV,4602865,4605671,+
WBGene00017591,IV,4605786,4608216,+
WBGene00000684,IV,4608201,4609679,-
WBGene00017597,IV,4610576,4638095,-
WBGene00020084,IV,4633693,4634480,+
WBGene00235120,IV,4636301,4636970,+
WBGene00017923,IV,4647202,4649743,+
WBGene00017922,IV,4649744,4650654,+
WBGene00006706,IV,4651044,4652468,+
WBGene00017921,IV,4652459,4653159,+
WBGene00004205,IV,4653293,4655848,+
WBGene00000685,IV,4655776,4657783,-
WBGene00017924,IV,4659049,4659517,-
WBGene00017925,IV,4659521,4660203,-
WBGene00017920,IV,4660991,4665204,+
WBGene00017919,IV,4665251,4667293,+
WBGene00044482,IV,4669529,4671992,+
WBGene00020678,IV,4679018,4685168,+
WBGene00044620,IV,4688269,4691936,+
WBGene00020675,IV,4692793,4696826,+
WBGene00020679,IV,4696982,4704011,-
WBGene00019543,IV,4706777,4710755,-
WBGene00006968,IV,4710861,4712624,-
WBGene00019544,IV,4712825,4715807,-
WBGene00019541,IV,4724862,4725332,+
WBGene00017116,IV,4737558,4738734,+
WBGene00001983,IV,4739490,4744269,-
WBGene00017119,IV,4744377,4745492,-
WBGene00017120,IV,4745825,4747832,-
WBGene00017121,IV,4747901,4749113,-
WBGene00004432,IV,4749012,4749778,-
WBGene00021202,IV,4750240,4751491,+
WBGene00021201,IV,4752119,4753163,+
WBGene00021204,IV,4754199,4756157,-
WBGene00194835,IV,4756605,4756942,+
WBGene00021205,IV,4757179,4758840,-
WBGene00003216,IV,4758982,4760428,-
WBGene00021200,IV,4761049,4762856,+
WBGene00021199,IV,4764182,4764602,+
WBGene00021198,IV,4764748,4767839,+
WBGene00020004,IV,4772092,4775133,+
WBGene00235374,IV,4775242,4776096,-
WBGene00020006,IV,4776833,4780083,-
WBGene00003694,IV,4784233,4788692,-
WBGene00020003,IV,4789503,4791983,+
WBGene00001324,IV,4793202,4799378,-
WBGene00001060,IV,4799388,4802592,-
WBGene00001058,IV,4802702,4806586,-
WBGene00044483,IV,4806697,4807319,-
WBGene00019163,IV,4807426,4809976,-
WBGene00019162,IV,4810934,4811983,+
WBGene00005842,IV,4812075,4814029,+
WBGene00005841,IV,4814485,4817316,+
WBGene00019164,IV,4817388,4821131,-
WBGene00019165,IV,4825488,4827281,-
WBGene00019166,IV,4827853,4846893,-
WBGene00021195,IV,4854394,4856287,-
WBGene00021196,IV,4856891,4858673,-
WBGene00021197,IV,4860373,4861494,-
WBGene00006217,IV,4862185,4864141,+
WBGene00006216,IV,4864978,4867659,-
WBGene00006219,IV,4868609,4870646,-
WBGene00006218,IV,4872267,4874703,-
WBGene00006214,IV,4877402,4880315,+
WBGene00006211,IV,4884296,4886897,+
WBGene00020351,IV,4886885,4887358,-
WBGene00020354,IV,4889918,4890672,+
WBGene00020356,IV,4890843,4894085,+
WBGene00006206,IV,4902422,4904061,-
WBGene00020353,IV,4905658,4908498,+
WBGene00006204,IV,4909339,4910962,+
WBGene00021184,IV,4911320,4912780,-
WBGene00006202,IV,4913390,4914866,+
WBGene00006201,IV,4915989,4917553,+
WBGene00006203,IV,4918074,4919632,+
WBGene00021178,IV,4930365,4932217,+
WBGene00006199,IV,4934414,4936643,+
WBGene00021179,IV,4936655,4938011,-
WBGene00006212,IV,4939315,4941506,+
WBGene00021177,IV,4941981,4944588,+
WBGene00006213,IV,4946105,4948518,+
WBGene00006208,IV,4954187,4958206,+
WBGene00006209,IV,4960735,4963147,+
WBGene00021176,IV,4963883,4965369,+
WBGene00021180,IV,4966097,4969540,-
WBGene00021182,IV,4971671,4973203,-
WBGene00021183,IV,4973622,4976089,-
WBGene00017112,IV,4977201,4978084,+
WBGene00017113,IV,4979789,4981127,-
WBGene00017111,IV,4982596,4983892,+
WBGene00017110,IV,4984046,4985375,+
WBGene00017109,IV,4986546,4987725,+
WBGene00017114,IV,4987702,4988642,-
WBGene00017115,IV,4990255,4991433,-
WBGene00006207,IV,4992389,4993857,+
WBGene00006038,IV,4994324,4994739,-
WBGene00006051,IV,4996142,4997559,+
WBGene00006040,IV,4999434,4999853,-
WBGene00003976,IV,5002752,5005418,+
WBGene00005639,IV,5008678,5010789,+
WBGene00005638,IV,5012549,5014604,+
WBGene00020905,IV,5015276,5016281,-
WBGene00006053,IV,5016479,5017741,+
WBGene00020906,IV,5017989,5020654,-
WBGene00220250,IV,5021188,5025746,-
WBGene00015628,IV,5026523,5029078,-
WBGene00015627,IV,5029250,5031046,+
WBGene00015629,IV,5031596,5033395,-
WBGene00015626,IV,5037815,5040495,+
WBGene00044484,IV,5040859,5045485,-
WBGene00003448,IV,5055593,5056049,-
WBGene00015630,IV,5056973,5061012,-
WBGene00003450,IV,5062534,5062995,+
WBGene00003446,IV,5064643,5065153,-
WBGene00020071,IV,5065746,5066987,-
WBGene00020072,IV,5067320,5068652,-
WBGene00020070,IV,5068845,5069861,+
WBGene00015331,IV,5070854,5072263,+
WBGene00015330,IV,5083303,5086887,+
WBGene00015326,IV,5086839,5088883,-
WBGene00015327,IV,5090243,5091043,-
WBGene00015329,IV,5091586,5092807,+
WBGene00015328,IV,5092823,5103279,-
WBGene00014997,IV,5111839,5112917,+
WBGene00006428,IV,5112929,5122019,-
WBGene00004929,IV,5127006,5152485,-
WBGene00016056,IV,5150093,5151213,+
WBGene00235380,IV,5157141,5157326,-
WBGene00016057,IV,5159427,5160248,-
WBGene00016055,IV,5160522,5161388,+
WBGene00016058,IV,5162743,5163074,-
WBGene00016054,IV,5163293,5164351,+
WBGene00043147,IV,5165420,5165777,-
WBGene00016053,IV,5166330,5168427,+
WBGene00002247,IV,5173280,5183708,+
WBGene00020994,IV,5184123,5185240,+
WBGene00020993,IV,5185333,5189096,+
WBGene00020995,IV,5185523,5186580,-
WBGene00020997,IV,5189042,5195627,-
WBGene00006586,IV,5204591,5207138,+
WBGene00195093,IV,5207109,5209481,-
WBGene00043064,IV,5209501,5210690,+
WBGene00021994,IV,5210914,5215192,-
WBGene00021993,IV,5218832,5220169,+
WBGene00044346,IV,5223237,5224172,-
WBGene00021996,IV,5224899,5225772,-
WBGene00043743,IV,5226891,5228230,+
WBGene00021992,IV,5228919,5230083,+
WBGene00021999,IV,5230830,5232479,+
WBGene00022000,IV,5232845,5233875,-
WBGene00006549,IV,5236522,5237552,+
WBGene00022002,IV,5241364,5241794,-
WBGene00021998,IV,5242205,5244988,+
WBGene00022003,IV,5246234,5248161,-
WBGene00044498,IV,5248578,5248938,+
WBGene00021997,IV,5249428,5249820,+
WBGene00018124,IV,5253407,5254817,-
WBGene00018123,IV,5257020,5258352,+
WBGene00018122,IV,5258685,5259985,+
WBGene00003426,IV,5260554,5261010,+
WBGene00018121,IV,5266774,5267603,+
WBGene00018130,IV,5268049,5278070,-
WBGene00018120,IV,5269090,5269626,+
WBGene00018119,IV,5272818,5274156,+
WBGene00018118,IV,5274503,5276115,+
WBGene00018117,IV,5290847,5293689,+
WBGene00003444,IV,5294922,5295375,-
WBGene00022707,IV,5295931,5297487,-
WBGene00003468,IV,5297927,5298380,+
WBGene00022708,IV,5302141,5303078,-
WBGene00022709,IV,5304021,5306140,-
WBGene00022710,IV,5306599,5308146,-
WBGene00003451,IV,5308593,5308826,+
WBGene00022706,IV,5310042,5311445,+
WBGene00003452,IV,5312693,5313149,-
WBGene00022705,IV,5313405,5315525,+
WBGene00003458,IV,5316487,5316944,+
WBGene00021159,IV,5319253,5325033,+
WBGene00021158,IV,5326444,5329640,+
WBGene00021157,IV,5332478,5336827,+
WBGene00021156,IV,5340890,5344204,+
WBGene00021160,IV,5344592,5350947,-
WBGene00021161,IV,5351420,5353464,-
WBGene00021155,IV,5354488,5356539,+
WBGene00018319,IV,5356538,5364306,-
WBGene00018318,IV,5360891,5362161,+
WBGene00018317,IV,5364559,5366751,+
WBGene00018321,IV,5366867,5368866,+
WBGene00018316,IV,5369797,5374673,+
WBGene00001243,IV,5374598,5377275,-
WBGene00018315,IV,5381634,5382470,+
WBGene00018314,IV,5382909,5383930,+
WBGene00018322,IV,5385320,5386080,+
WBGene00001244,IV,5386629,5388559,-
WBGene00002032,IV,5390184,5391557,-
WBGene00022775,IV,5391912,5393572,+
WBGene00022776,IV,5393843,5394849,-
WBGene00022774,IV,5394962,5396966,+
WBGene00022773,IV,5397069,5397694,+
WBGene00022772,IV,5397839,5398591,+
WBGene00022771,IV,5402938,5405537,+
WBGene00194816,IV,5405645,5407375,+
WBGene00235383,IV,5408426,5411166,-
WBGene00022778,IV,5411479,5412206,-
WBGene00004992,IV,5412827,5415771,-
WBGene00001223,IV,5416906,5419195,-
WBGene00021152,IV,5423576,5450802,+
WBGene00021153,IV,5450993,5452455,-
WBGene00021154,IV,5452967,5453640,+
WBGene00021793,IV,5462501,5464448,-
WBGene00004374,IV,5469961,5473174,+
WBGene00020435,IV,5474162,5476568,-
WBGene00020433,IV,5479589,5480644,+
WBGene00235273,IV,5480607,5482297,-
WBGene00044499,IV,5482961,5483622,+
WBGene00015098,IV,5484046,5486258,-
WBGene00004243,IV,5486685,5490322,+
WBGene00206473,IV,5490555,5491154,-
WBGene00015097,IV,5493992,5495252,+
WBGene00006745,IV,5495666,5528338,-
WBGene00001411,IV,5533142,5537992,-
WBGene00001093,IV,5537981,5541365,+
WBGene00020464,IV,5541607,5544765,+
WBGene00020463,IV,5544860,5548459,+
WBGene00020462,IV,5551134,5558820,+
WBGene00020465,IV,5567020,5574133,-
WBGene00001439,IV,5584661,5610368,+
WBGene00016542,IV,5611950,5614608,-
WBGene00044125,IV,5615522,5619685,-
WBGene00044124,IV,5622063,5623818,-
WBGene00016543,IV,5624855,5627156,-
WBGene00005090,IV,5628792,5630239,-
WBGene00016541,IV,5631895,5633379,+
WBGene00005091,IV,5633818,5635651,-
WBGene00005086,IV,5643252,5645614,-
WBGene00015253,IV,5645831,5646233,+
WBGene00000817,IV,5649533,5651079,+
WBGene00004804,IV,5651087,5660523,-
WBGene00020585,IV,5653949,5655004,+
WBGene00000247,IV,5661141,5664425,-
WBGene00044500,IV,5667525,5669583,-
WBGene00005083,IV,5672633,5674542,-
WBGene00016954,IV,5676212,5678144,-
WBGene00043065,IV,5678847,5682639,-
WBGene00016956,IV,5683184,5684672,+
WBGene00016953,IV,5685287,5688273,+
WBGene00044501,IV,5691030,5694646,+
WBGene00016955,IV,5695777,5703468,-
WBGene00016951,IV,5709096,5714336,+
WBGene00019263,IV,5725600,5729727,+
WBGene00019264,IV,5729658,5732636,-
WBGene00016667,IV,5735019,5737106,+
WBGene00016665,IV,5741345,5742980,+
WBGene00016664,IV,5744336,5747110,+
WBGene00003636,IV,5747376,5757862,-
WBGene00016287,IV,5791296,5793457,+
WBGene00016288,IV,5794932,5796825,-
WBGene00016286,IV,5797453,5800233,+
WBGene00016289,IV,5800336,5807093,-
WBGene00016291,IV,5811583,5814142,-
WBGene00015680,IV,5820370,5830199,+
WBGene00015539,IV,5839387,5844004,+
WBGene00015540,IV,5843890,5846398,-
WBGene00015538,IV,5848657,5850845,+
WBGene00015541,IV,5850826,5859976,-
WBGene00004973,IV,5864529,5865918,-
WBGene00189995,IV,5865986,5867299,-
WBGene00005728,IV,5867689,5870172,-
WBGene00005730,IV,5871976,5874081,-
WBGene00005732,IV,5876092,5877346,-
WBGene00005733,IV,5878470,5879953,-
WBGene00019155,IV,5882707,5884529,-
WBGene00019154,IV,5885835,5889821,+
WBGene00019153,IV,5891565,5893329,+
WBGene00019152,IV,5895490,5895888,+
WBGene00019151,IV,5896623,5899112,+
WBGene00019156,IV,5899586,5903355,-
WBGene00019257,IV,5917326,5921446,+
WBGene00003019,IV,5930645,5933326,+
WBGene00019255,IV,5934346,5937497,+
WBGene00019296,IV,5937445,5939230,-
WBGene00019295,IV,5941926,5943998,+
WBGene00002129,IV,5943981,5946754,-
WBGene00004494,IV,5947036,5947607,-
WBGene00019297,IV,5961690,5962132,-
WBGene00006780,IV,5966656,6004857,+
WBGene00044502,IV,6010352,6011645,-
WBGene00016722,IV,6015195,6017803,+
WBGene00016721,IV,6018003,6019713,+
WBGene00004112,IV,6019705,6033639,-
WBGene00019205,IV,6040976,6074507,+
WBGene00019514,IV,6075301,6076157,-
WBGene00019515,IV,6076692,6079945,-
WBGene00019516,IV,6080907,6083592,-
WBGene00023486,IV,6091536,6092413,-
WBGene00000535,IV,6092603,6093680,-
WBGene00002245,IV,6095411,6110639,+
WBGene00019750,IV,6110651,6112391,-
WBGene00006974,IV,6118219,6121775,+
WBGene00019751,IV,6121773,6127302,-
WBGene00015701,IV,6152437,6154623,+
WBGene00015703,IV,6154558,6155396,-
WBGene00015702,IV,6155492,6156960,-
WBGene00006809,IV,6157310,6183857,-
WBGene00015700,IV,6185888,6189205,+
WBGene00016761,IV,6202080,6205703,+
WBGene00016764,IV,6205793,6206344,-
WBGene00016762,IV,6206843,6209527,-
WBGene00016760,IV,6210936,6213181,+
WBGene00016759,IV,6213822,6216371,+
WBGene00016763,IV,6217349,6219449,+
WBGene00016758,IV,6219604,6222346,+
WBGene00016757,IV,6222089,6225009,+
WBGene00016756,IV,6225443,6228046,+
WBGene00016755,IV,6228203,6230025,+
WBGene00019058,IV,6231023,6232607,+
WBGene00019057,IV,6233246,6235666,+
WBGene00019059,IV,6235977,6237543,-
WBGene00044306,IV,6238192,6239437,+
WBGene00044307,IV,6240306,6241389,+
WBGene00019060,IV,6245341,6248492,-
WBGene00019055,IV,6249874,6253083,+
WBGene00020469,IV,6253300,6253785,+
WBGene00235303,IV,6254935,6255033,+
WBGene00003754,IV,6255071,6259858,-
WBGene00005739,IV,6261058,6263344,-
WBGene00005740,IV,6264894,6266599,-
WBGene00005741,IV,6267457,6269446,-
WBGene00005742,IV,6269773,6272023,-
WBGene00000005,IV,6272529,6275713,-
WBGene00020468,IV,6276256,6277023,+
WBGene00006416,IV,6277435,6279572,-
WBGene00005743,IV,6280147,6282243,-
WBGene00005744,IV,6282931,6284387,-
WBGene00005735,IV,6288364,6290841,-
WBGene00001853,IV,6294234,6295219,+
WBGene00005738,IV,6296279,6298347,-
WBGene00005737,IV,6299273,6301864,-
WBGene00005736,IV,6302159,6303742,-
WBGene00000820,IV,6307739,6315719,+
WBGene00022236,IV,6316918,6317473,-
WBGene00022250,IV,6321948,6323562,+
WBGene00022235,IV,6323979,6326421,+
WBGene00003082,IV,6326526,6329461,+
WBGene00004783,IV,6329578,6333554,+
WBGene00022251,IV,6334215,6335168,+
WBGene00003237,IV,6335249,6335994,-
WBGene00022233,IV,6337653,6340098,+
WBGene00219218,IV,6341458,6342472,-
WBGene00022237,IV,6342471,6342976,-
WBGene00235289,IV,6347513,6347875,+
WBGene00045250,IV,6361968,6365407,+
WBGene00004881,IV,6362395,6373087,-
WBGene00194832,IV,6365345,6368903,+
WBGene00022253,IV,6373162,6376523,-
WBGene00000256,IV,6377065,6378195,+
WBGene00022240,IV,6378594,6384070,-
WBGene00022242,IV,6396582,6402458,-
WBGene00005724,IV,6405176,6408236,+
WBGene00022254,IV,6409557,6413566,-
WBGene00022232,IV,6415478,6417457,+
WBGene00022243,IV,6416145,6416653,-
WBGene00022244,IV,6417696,6419078,-
WBGene00002033,IV,6419500,6420898,+
WBGene00022257,IV,6421589,6423489,+
WBGene00022245,IV,6424600,6426139,-
WBGene00022246,IV,6428305,6431707,-
WBGene00043067,IV,6438223,6440032,+
WBGene00022252,IV,6442229,6446532,+
WBGene00022247,IV,6446573,6457543,-
WBGene00043066,IV,6464352,6468327,+
WBGene00022255,IV,6469955,6471384,-
WBGene00022248,IV,6472155,6473235,-
WBGene00022231,IV,6480521,6486971,+
WBGene00022256,IV,6487347,6489090,+
WBGene00044350,IV,6493599,6497378,+
WBGene00004169,IV,6506726,6511042,+
WBGene00015309,IV,6518174,6519502,+
WBGene00015311,IV,6519926,6522242,+
WBGene00015308,IV,6522874,6524568,+
WBGene00015307,IV,6524610,6526524,+
WBGene00004179,IV,6526729,6529802,-
WBGene00015306,IV,6531750,6535677,+
WBGene00015305,IV,6536179,6537671,+
WBGene00235291,IV,6541692,6548523,+
WBGene00015310,IV,6548818,6552511,+
WBGene00016610,IV,6552479,6555920,-
WBGene00006621,IV,6557171,6560881,+
WBGene00016613,IV,6560736,6565261,+
WBGene00016611,IV,6565384,6572338,-
WBGene00016612,IV,6578197,6579402,+
WBGene00018160,IV,6579840,6582676,-
WBGene00018161,IV,6582703,6585571,-
WBGene00001029,IV,6585871,6588186,+
WBGene00002274,IV,6588184,6590307,-
WBGene00018170,IV,6590734,6591126,-
WBGene00018169,IV,6591679,6592081,+
WBGene00018168,IV,6592666,6594529,+
WBGene00018162,IV,6594655,6594954,-
WBGene00235391,IV,6595430,6596027,-
WBGene00018163,IV,6596108,6597398,-
WBGene00018167,IV,6598234,6598531,+
WBGene00018166,IV,6599198,6599492,+
WBGene00018165,IV,6599882,6600491,+
WBGene00018164,IV,6601678,6602443,+
WBGene00017481,IV,6602680,6603966,+
WBGene00017480,IV,6604001,6606188,-
WBGene00001090,IV,6607376,6613353,-
WBGene00015278,IV,6619468,6621352,-
WBGene00194839,IV,6623690,6624493,+
WBGene00015284,IV,6624528,6627992,-
WBGene00015279,IV,6628366,6631745,-
WBGene00015283,IV,6632222,6634986,+
WBGene00015282,IV,6635039,6638155,+
WBGene00015281,IV,6638556,6639271,+
WBGene00015280,IV,6640161,6645352,+
WBGene00001858,IV,6646034,6646936,+
WBGene00044294,IV,6657981,6660434,+
WBGene00022228,IV,6661234,6668054,-
WBGene00022230,IV,6738727,6740374,-
WBGene00004885,IV,6740496,6742443,-
WBGene00003030,IV,6742538,6748424,-
WBGene00019259,IV,6757311,6762609,+
WBGene00004954,IV,6762716,6765200,+
WBGene00015938,IV,6770810,6779859,+
WBGene00015927,IV,6779848,6784340,-
WBGene00015928,IV,6786858,6789644,-
WBGene00006917,IV,6791074,6792629,+
WBGene00015929,IV,6793912,6795629,-
WBGene00015937,IV,6795913,6798789,+
WBGene00015930,IV,6798921,6802337,-
WBGene00015936,IV,6804728,6805625,+
WBGene00236786,IV,6805115,6805908,+
WBGene00015935,IV,6806810,6809630,+
WBGene00015934,IV,6812108,6815607,+
WBGene00015931,IV,6815912,6817654,-
WBGene00015933,IV,6818606,6820643,+
WBGene00015932,IV,6821077,6822506,-
WBGene00019215,IV,6824894,6826763,+
WBGene00019214,IV,6827777,6829490,+
WBGene00019213,IV,6830145,6833464,+
WBGene00003043,IV,6842964,6845805,+
WBGene00020069,IV,6846129,6859370,-
WBGene00005911,IV,6868091,6869137,+
WBGene00005910,IV,6873258,6874774,+
WBGene00006608,IV,6876737,6883461,-
WBGene00020234,IV,6883576,6887662,-
WBGene00020235,IV,6887948,6897777,+
WBGene00020685,IV,6899519,6900056,+
WBGene00020686,IV,6900326,6903624,-
WBGene00020684,IV,6903950,6905546,+
WBGene00195050,IV,6905846,6906390,+
WBGene00004458,IV,6906415,6909913,-
WBGene00020683,IV,6910683,6912865,+
WBGene00020682,IV,6913536,6917110,+
WBGene00020687,IV,6917111,6919454,-
WBGene00195051,IV,6919773,6920220,-
WBGene00020681,IV,6921855,6922852,+
WBGene00020680,IV,6923370,6925407,+
WBGene00020688,IV,6926140,6928517,-
WBGene00020689,IV,6928942,6937713,-
WBGene00002178,IV,6957641,6963716,+
WBGene00015202,IV,6963716,6964654,-
WBGene00022725,IV,6965492,6967806,+
WBGene00044352,IV,6968209,6970280,-
WBGene00219412,IV,6971128,6971313,-
WBGene00022726,IV,6971898,6972527,-
WBGene00003992,IV,6974401,6977318,-
WBGene00001862,IV,6977517,6978943,+
WBGene00022727,IV,6978775,6986935,-
WBGene00016085,IV,6999557,7001493,+
WBGene00016084,IV,7003623,7009268,+
WBGene00016083,IV,7009841,7010744,+
WBGene00016082,IV,7011135,7011248,+
WBGene00015553,IV,7011960,7016542,+
WBGene00015552,IV,7017626,7020210,+
WBGene00015551,IV,7024211,7028144,+
WBGene00015554,IV,7031298,7032559,-
WBGene00015555,IV,7032716,7036982,-
WBGene00015549,IV,7036129,7036447,+
WBGene00000585,IV,7036960,7039580,-
WBGene00002228,IV,7040211,7043694,+
WBGene00006572,IV,7043935,7044604,-
WBGene00003695,IV,7049954,7053450,+
WBGene00005941,IV,7057977,7059911,+
WBGene00021542,IV,7065322,7068035,+
WBGene00005205,IV,7072410,7073625,+
WBGene00005207,IV,7074030,7075163,-
WBGene00021543,IV,7081514,7082266,+
WBGene00021544,IV,7082220,7083716,-
WBGene00004473,IV,7083694,7084682,-
WBGene00000942,IV,7085216,7094364,-
WBGene00022619,IV,7098542,7098784,-
WBGene00022620,IV,7101375,7103261,-
WBGene00022618,IV,7103492,7105096,+
WBGene00022617,IV,7108221,7109912,+
WBGene00022621,IV,7110457,7111403,-
WBGene00006052,IV,7111604,7112861,+
WBGene00003527,IV,7114899,7119926,+
WBGene00016402,IV,7119918,7121413,-
WBGene00006113,IV,7122194,7123947,+
WBGene00016403,IV,7130701,7131928,-
WBGene00000888,IV,7132132,7133217,-
WBGene00016404,IV,7133448,7134083,-
WBGene00016405,IV,7134347,7144898,-
WBGene00016400,IV,7149361,7150692,+
WBGene00000687,IV,7150663,7152501,-
WBGene00016399,IV,7153623,7154193,+
WBGene00016398,IV,7154656,7156010,+
WBGene00016397,IV,7156900,7160109,+
WBGene00004411,IV,7160135,7165748,-
WBGene00206380,IV,7166783,7167930,+
WBGene00004822,IV,7168710,7169346,+
WBGene00006251,IV,7169931,7171322,-
WBGene00006069,IV,7173789,7175008,+
WBGene00235295,IV,7175646,7176276,+
WBGene00006109,IV,7177187,7178423,+
WBGene00016596,IV,7179239,7180484,+
WBGene00016595,IV,7180535,7182993,+
WBGene00016597,IV,7183412,7184697,-
WBGene00006276,IV,7185283,7186856,-
WBGene00016598,IV,7187189,7188130,-
WBGene00016594,IV,7189191,7190331,+
WBGene00020043,IV,7191076,7191841,-
WBGene00020046,IV,7193520,7195834,-
WBGene00006748,IV,7197153,7203643,+
WBGene00020042,IV,7203996,7205259,+
WBGene00006504,IV,7206246,7218000,+
WBGene00020044,IV,7213228,7213530,-
WBGene00020045,IV,7218049,7219485,-
WBGene00020041,IV,7220104,7220607,+
WBGene00044504,IV,7225416,7227172,-
WBGene00017053,IV,7227274,7228306,-
WBGene00000292,IV,7228403,7230223,-
WBGene00017052,IV,7231235,7232822,+
WBGene00001241,IV,7237722,7239976,+
WBGene00017054,IV,7240445,7242270,-
WBGene00017051,IV,7244208,7245502,+
WBGene00000688,IV,7245505,7246640,-
WBGene00017050,IV,7247543,7249437,+
WBGene00236806,IV,7250458,7254204,+
WBGene00044505,IV,7251447,7251749,-
WBGene00015534,IV,7254990,7255909,+
WBGene00015535,IV,7257217,7258248,-
WBGene00015532,IV,7260875,7262132,+
WBGene00015536,IV,7262237,7263237,-
WBGene00015531,IV,7276961,7283086,+
WBGene00015530,IV,7283257,7283871,+
WBGene00015537,IV,7284219,7285873,-
WBGene00018345,IV,7286182,7287526,-
WBGene00018346,IV,7288074,7292127,-
WBGene00018347,IV,7292536,7294221,-
WBGene00018344,IV,7305628,7308350,+
WBGene00018348,IV,7308486,7309057,-
WBGene00001713,IV,7309838,7310760,-
WBGene00004477,IV,7312981,7313864,-
WBGene00018349,IV,7314371,7317163,-
WBGene00018350,IV,7320734,7326663,-
WBGene00021495,IV,7327110,7329108,-
WBGene00003841,IV,7329620,7332811,-
WBGene00021496,IV,7333638,7346851,-
WBGene00021497,IV,7349283,7365111,-
WBGene00020446,IV,7375147,7376635,+
WBGene00020445,IV,7376811,7378906,+
WBGene00020444,IV,7382415,7384752,+
WBGene00020447,IV,7384756,7388943,-
WBGene00016739,IV,7393221,7397555,+
WBGene00001187,IV,7405460,7418733,+
WBGene00015215,IV,7419118,7419971,+
WBGene00015214,IV,7420958,7422671,+
WBGene00006814,IV,7424498,7444660,+
WBGene00194883,IV,7433544,7433958,-
WBGene00015216,IV,7444639,7445432,-
WBGene00015210,IV,7446390,7447466,+
WBGene00015211,IV,7447856,7449169,+
WBGene00015217,IV,7449067,7451445,-
WBGene00017416,IV,7456525,7458214,+
WBGene00017417,IV,7458836,7460424,-
WBGene00017418,IV,7461966,7465957,-
WBGene00018903,IV,7466702,7469832,-
WBGene00004044,IV,7470860,7473340,-
WBGene00018902,IV,7473476,7474957,+
WBGene00018901,IV,7475041,7476215,+
WBGene00018904,IV,7476171,7477344,-
WBGene00018900,IV,7478171,7485523,+
WBGene00001935,IV,7485733,7486254,-
WBGene00001936,IV,7486519,7486962,+
WBGene00001934,IV,7487560,7488025,-
WBGene00001933,IV,7488216,7488956,+
WBGene00018899,IV,7491771,7493764,+
WBGene00018906,IV,7493843,7497850,-
WBGene00018907,IV,7498129,7501437,-
WBGene00001624,IV,7503622,7506447,+
WBGene00019900,IV,7506425,7507891,-
WBGene00019899,IV,7508514,7509475,+
WBGene00004039,IV,7509479,7512667,-
WBGene00019898,IV,7513233,7514459,+
WBGene00019901,IV,7514366,7516267,-
WBGene00043466,IV,7516585,7517035,+
WBGene00019902,IV,7517445,7542535,-
WBGene00019896,IV,7539577,7541896,+
WBGene00003914,IV,7543984,7550812,-
WBGene00000392,IV,7547118,7547893,-
WBGene00018636,IV,7548417,7551511,+
WBGene00000996,IV,7551550,7553008,-
WBGene00018637,IV,7553532,7554488,-
WBGene00018638,IV,7554489,7556447,-
WBGene00018635,IV,7556637,7558759,+
WBGene00002074,IV,7558726,7561664,-
WBGene00043068,IV,7562220,7563724,-
WBGene00017995,IV,7567607,7568507,+
WBGene00017991,IV,7568893,7573761,+
WBGene00017992,IV,7574355,7578381,-
WBGene00017990,IV,7575622,7577325,+
WBGene00017993,IV,7578501,7580269,-
WBGene00017989,IV,7580597,7583726,+
WBGene00018468,IV,7588931,7628234,+
WBGene00018470,IV,7628206,7629042,-
WBGene00018471,IV,7630718,7632672,-
WBGene00004046,IV,7633360,7634657,+
WBGene00000190,IV,7634786,7635710,+
WBGene00018472,IV,7635655,7641925,-
WBGene00003758,IV,7642052,7643096,-
WBGene00001975,IV,7644895,7646219,-
WBGene00001584,IV,7646200,7654230,-
WBGene00018473,IV,7651442,7654295,+
WBGene00015619,IV,7658734,7664166,+
WBGene00015620,IV,7664157,7672972,-
WBGene00002173,IV,7675174,7696923,+
WBGene00001456,IV,7696932,7698420,-
WBGene00017996,IV,7703873,7706905,-
WBGene00017997,IV,7707575,7709084,-
WBGene00017999,IV,7709192,7709736,-
WBGene00023487,IV,7710045,7710826,+
WBGene00003607,IV,7710975,7714198,+
WBGene00017998,IV,7714164,7718009,-
WBGene00016846,IV,7720566,7723199,-
WBGene00016845,IV,7726718,7727951,+
WBGene00016844,IV,7728913,7730645,+
WBGene00016847,IV,7730669,7732060,-
WBGene00016843,IV,7732329,7734210,+
WBGene00000551,IV,7734647,7736409,+
WBGene00016842,IV,7743906,7746074,+
WBGene00016848,IV,7745979,7748225,-
WBGene00016700,IV,7748157,7757358,-
WBGene00000603,IV,7753408,7754651,+
WBGene00016701,IV,7757513,7759627,-
WBGene00016702,IV,7760000,7763848,-
WBGene00016699,IV,7760417,7762856,+
WBGene00016698,IV,7763931,7767094,+
WBGene00016703,IV,7768395,7770025,-
WBGene00001827,IV,7770770,7774275,-
WBGene00016374,IV,7774411,7775956,+
WBGene00016373,IV,7776025,7778022,+
WBGene00016375,IV,7777939,7778965,-
WBGene00016376,IV,7779379,7782499,-
WBGene00044325,IV,7782599,7783851,-
WBGene00044326,IV,7783970,7785556,-
WBGene00016378,IV,7786000,7789613,-
WBGene00004703,IV,7789847,7791229,-
WBGene00016379,IV,7791704,7792263,-
WBGene00016380,IV,7792349,7794809,-
WBGene00016381,IV,7794871,7796376,-
WBGene00016382,IV,7801916,7803350,-
WBGene00016371,IV,7805040,7807948,+
WBGene00016370,IV,7808912,7810681,+
WBGene00016383,IV,7811157,7812809,-
WBGene00016384,IV,7812770,7815733,-
WBGene00004363,IV,7818251,7821195,+
WBGene00020497,IV,7821673,7822700,-
WBGene00015509,IV,7826334,7829301,-
WBGene00015508,IV,7830525,7832401,+
WBGene00015510,IV,7832344,7834675,-
WBGene00015511,IV,7837350,7838548,-
WBGene00015507,IV,7846630,7854224,+
WBGene00001453,IV,7868907,7870100,+
WBGene00020289,IV,7870865,7873034,+
WBGene00002208,IV,7875727,7877881,-
WBGene00020288,IV,7879317,7881034,+
WBGene00016957,IV,7882028,7900247,+
WBGene00016958,IV,7895629,7897543,-
WBGene00016793,IV,7900200,7902271,-
WBGene00016792,IV,7903740,7907083,+
WBGene00016794,IV,7907093,7909474,-
WBGene00003827,IV,7910575,7915184,+
WBGene00016791,IV,7915291,7916711,+
WBGene00002080,IV,7916699,7924129,-
WBGene00219436,IV,7920416,7922012,+
WBGene00016790,IV,7924350,7924968,+
WBGene00004471,IV,7925298,7926391,-
WBGene00016795,IV,7926748,7927315,-
WBGene00001535,IV,7928159,7933775,+
WBGene00000242,IV,7934097,7937746,+
WBGene00017645,IV,7937959,7938934,-
WBGene00017644,IV,7939812,7941064,-
WBGene00017643,IV,7943617,7946819,-
WBGene00249815,IV,7947429,7948052,+
WBGene00017642,IV,7948643,7953548,+
WBGene00000442,IV,7953509,7955898,-
WBGene00017641,IV,7957580,7962129,+
WBGene00019020,IV,7967363,7969600,+
WBGene00019019,IV,7970525,7973363,+
WBGene00019021,IV,7975430,7976406,-
WBGene00003879,IV,7977836,7979014,+
WBGene00006761,IV,7979823,7982005,+
WBGene00000183,IV,7982526,7983919,+
WBGene00003178,IV,7983854,7987183,-
WBGene00000689,IV,7988685,7991425,+
WBGene00004371,IV,7991410,8004136,-
WBGene00021541,IV,8011031,8012430,-
WBGene00016130,IV,8014149,8015722,+
WBGene00016129,IV,8016153,8016882,+
WBGene00016128,IV,8016994,8018221,+
WBGene00016124,IV,8018130,8019808,-
WBGene00016125,IV,8021146,8022122,-
WBGene00003625,IV,8022656,8029513,-
WBGene00016126,IV,8045045,8047363,+
WBGene00004732,IV,8062669,8084087,+
WBGene00044508,IV,8083961,8086652,-
WBGene00021537,IV,8099918,8101424,+
WBGene00021540,IV,8102501,8104323,+
WBGene00021538,IV,8104287,8107600,-
WBGene00021539,IV,8107766,8112241,-
WBGene00021536,IV,8113384,8115670,+
WBGene00018360,IV,8115762,8118445,+
WBGene00018359,IV,8119090,8121340,+
WBGene00018358,IV,8123105,8127214,+
WBGene00249817,IV,8127734,8128909,+
WBGene00018361,IV,8128940,8130256,-
WBGene00018357,IV,8130561,8132213,+
WBGene00004979,IV,8132175,8133692,-
WBGene00002162,IV,8133789,8136055,-
WBGene00018356,IV,8136325,8139087,+
WBGene00004057,IV,8139219,8143151,+
WBGene00004056,IV,8143500,8148647,+
WBGene00004055,IV,8148794,8151156,+
WBGene00015048,IV,8152445,8154857,+
WBGene00015049,IV,8155211,8156587,-
WBGene00015047,IV,8159358,8162042,+
WBGene00015050,IV,8161967,8163795,-
WBGene00015051,IV,8164590,8166050,-
WBGene00015052,IV,8167164,8168813,-
WBGene00235296,IV,8169974,8170120,+
WBGene00003961,IV,8176479,8188879,+
WBGene00006957,IV,8188904,8198951,-
WBGene00044608,IV,8200604,8201233,-
WBGene00004101,IV,8201378,8206048,-
WBGene00006620,IV,8206614,8213723,+
WBGene00015572,IV,8209158,8210400,-
WBGene00015573,IV,8210954,8211828,-
WBGene00003839,IV,8213826,8220036,-
WBGene00020373,IV,8222202,8223459,+
WBGene00020374,IV,8225674,8226366,+
WBGene00003656,IV,8226337,8236602,-
WBGene00235275,IV,8241545,8243699,-
WBGene00020372,IV,8244412,8246521,+
WBGene00019507,IV,8259248,8259979,-
WBGene00006930,IV,8261134,8266462,+
WBGene00019508,IV,8266752,8268435,-
WBGene00019506,IV,8271054,8272524,+
WBGene00044510,IV,8273226,8275332,-
WBGene00044509,IV,8275621,8276709,-
WBGene00019509,IV,8285175,8286566,-
WBGene00019510,IV,8286587,8289531,-
WBGene00000923,IV,8290273,8291496,+
WBGene00019504,IV,8291515,8294596,+
WBGene00019503,IV,8294690,8297283,+
WBGene00018072,IV,8297197,8299843,+
WBGene00018071,IV,8299936,8300647,+
WBGene00018070,IV,8300755,8301165,+
WBGene00006914,IV,8303968,8307369,+
WBGene00018073,IV,8307294,8312946,-
WBGene00018069,IV,8325967,8327062,+
WBGene00018068,IV,8329205,8329956,+
WBGene00001903,IV,8331044,8331412,-
WBGene00001904,IV,8331666,8332049,+
WBGene00003099,IV,8332826,8333559,+
WBGene00001905,IV,8333557,8334021,-
WBGene00001906,IV,8334298,8334862,+
WBGene00001907,IV,8335335,8335718,-
WBGene00001908,IV,8335972,8336340,+
WBGene00017544,IV,8339936,8342112,+
WBGene00017543,IV,8342685,8344485,+
WBGene00017542,IV,8345818,8346546,+
WBGene00194833,IV,8346799,8347728,+
WBGene00235282,IV,8346891,8347164,-
WBGene00017541,IV,8348373,8349169,+
WBGene00195009,IV,8352338,8352913,+
WBGene00017540,IV,8354874,8355433,+
WBGene00017539,IV,8355892,8356503,+
WBGene00000690,IV,8356776,8357854,+
WBGene00044953,IV,8357938,8358592,-
WBGene00017072,IV,8359165,8359716,-
WBGene00005019,IV,8361089,8363370,+
WBGene00017079,IV,8363463,8366376,+
WBGene00017071,IV,8366539,8375371,+
WBGene00017073,IV,8368344,8369235,-
WBGene00017074,IV,8375720,8377698,-
WBGene00017075,IV,8377703,8379319,-
WBGene00017070,IV,8379984,8381925,+
WBGene00017076,IV,8381922,8382814,-
WBGene00017077,IV,8387626,8389239,-
WBGene00017078,IV,8389147,8392863,-
WBGene00017069,IV,8396493,8397950,+
WBGene00019791,IV,8405022,8406611,-
WBGene00019788,IV,8410578,8412167,+
WBGene00019792,IV,8414293,8421061,-
WBGene00020825,IV,8424278,8428512,+
WBGene00020826,IV,8425132,8426199,-
WBGene00020827,IV,8428961,8431493,-
WBGene00020824,IV,8433038,8438004,+
WBGene00020138,IV,8447204,8449048,+
WBGene00020139,IV,8449353,8451771,-
WBGene00006374,IV,8457280,8458933,+
WBGene00020140,IV,8459178,8460327,-
WBGene00006220,IV,8460999,8463816,-
WBGene00003837,IV,8464752,8472605,-
WBGene00016181,IV,8474056,8475278,+
WBGene00004995,IV,8477182,8480656,+
WBGene00001956,IV,8478577,8479446,-
WBGene00004993,IV,8481664,8483710,+
WBGene00016180,IV,8487497,8488481,+
WBGene00016179,IV,8490221,8490857,+
WBGene00005670,IV,8492542,8494487,+
WBGene00016182,IV,8494550,8496363,-
WBGene00001566,IV,8496486,8498871,-
WBGene00016178,IV,8499310,8500076,+
WBGene00016177,IV,8501479,8502983,+
WBGene00006450,IV,8503493,8510559,-
WBGene00003224,IV,8511284,8513476,+
WBGene00044001,IV,8513205,8513916,+
WBGene00001051,IV,8513919,8514725,+
WBGene00015650,IV,8520894,8538182,+
WBGene00002043,IV,8539123,8544403,+
WBGene00022004,IV,8559434,8563159,+
WBGene00022007,IV,8563604,8564597,-
WBGene00022006,IV,8567183,8568176,+
WBGene00022008,IV,8569144,8570353,-
WBGene00022005,IV,8571438,8571821,+
WBGene00022010,IV,8585516,8594613,+
WBGene00022011,IV,8594871,8595417,-
WBGene00044511,IV,8596067,8596943,+
WBGene00022012,IV,8598739,8600742,-
WBGene00235290,IV,8603255,8603674,+
WBGene00018335,IV,8609239,8611595,+
WBGene00235280,IV,8611586,8611983,-
WBGene00018334,IV,8612363,8614683,+
WBGene00018333,IV,8615022,8615871,+
WBGene00018336,IV,8616006,8617147,-
WBGene00018332,IV,8617285,8618153,+
WBGene00018337,IV,8618244,8618788,-
WBGene00003034,IV,8620683,8626149,+
WBGene00195046,IV,8627644,8627839,+
WBGene00006483,IV,8631334,8644019,+
WBGene00018338,IV,8637387,8638861,-
WBGene00016767,IV,8644732,8645345,+
WBGene00016768,IV,8645521,8648429,-
WBGene00016769,IV,8648596,8653677,-
WBGene00016766,IV,8651090,8651840,+
WBGene00235271,IV,8652135,8652868,+
WBGene00016765,IV,8654604,8656829,+
WBGene00016770,IV,8657455,8658184,-
WBGene00000397,IV,8668941,8676542,+
WBGene00255375,IV,8677590,8678019,+
WBGene00017236,IV,8678695,8679325,-
WBGene00017237,IV,8682239,8686610,-
WBGene00017238,IV,8686756,8687810,-
WBGene00002028,IV,8688273,8691513,-
WBGene00000994,IV,8692086,8696553,+
WBGene00019230,IV,8697736,8702699,+
WBGene00019231,IV,8703043,8705606,-
WBGene00004052,IV,8712635,8715027,-
WBGene00019229,IV,8715247,8717881,+
WBGene00019228,IV,8718453,8719248,+
WBGene00009014,IV,8724020,8724876,+
WBGene00009006,IV,8725722,8728060,+
WBGene00009007,IV,8728139,8730510,+
WBGene00009008,IV,8730721,8735686,+
WBGene00009010,IV,8735695,8739394,-
WBGene00009009,IV,8738087,8739101,+
WBGene00009013,IV,8739504,8740026,-
WBGene00009011,IV,8740140,8741388,-
WBGene00009012,IV,8741383,8743704,-
WBGene00008972,IV,8744411,8745691,-
WBGene00004051,IV,8746252,8752676,+
WBGene00008968,IV,8753195,8754823,-
WBGene00002222,IV,8755038,8762057,-
WBGene00008969,IV,8764867,8767450,+
WBGene00008970,IV,8767688,8770092,-
WBGene00008971,IV,8771558,8773206,-
WBGene00007900,IV,8773977,8778145,-
WBGene00194651,IV,8783271,8785254,-
WBGene00007901,IV,8785764,8786650,-
WBGene00044239,IV,8787459,8788057,-
WBGene00005698,IV,8788449,8790244,-
WBGene00007898,IV,8790742,8793294,-
WBGene00007897,IV,8796881,8798355,-
WBGene00001366,IV,8799089,8813539,-
WBGene00012118,IV,8816335,8818525,+
WBGene00045183,IV,8818555,8819158,+
WBGene00012119,IV,8820356,8821265,+
WBGene00012120,IV,8821447,8822874,+
WBGene00000691,IV,8822962,8824195,-
WBGene00000594,IV,8824783,8826013,+
WBGene00012121,IV,8827802,8840682,+
WBGene00012122,IV,8829549,8830727,-
WBGene00206515,IV,8839663,8840261,-
WBGene00011706,IV,8840725,8842805,+
WBGene00011707,IV,8843621,8844491,-
WBGene00000692,IV,8848182,8849673,+
WBGene00001132,IV,8852500,8862228,+
WBGene00011708,IV,8855296,8856063,-
WBGene00007492,IV,8862173,8865483,-
WBGene00007493,IV,8868036,8869679,-
WBGene00007494,IV,8869962,8873057,-
WBGene00006409,IV,8874129,8877022,+
WBGene00007496,IV,8877553,8879910,-
WBGene00007497,IV,8881481,8882240,+
WBGene00007495,IV,8886528,8888602,+
WBGene00003864,IV,8888976,8890999,+
WBGene00005007,IV,8891466,8892747,+
WBGene00007760,IV,8892858,8893854,+
WBGene00007761,IV,8894083,8901386,+
WBGene00007762,IV,8901646,8903177,+
WBGene00007763,IV,8903222,8906205,-
WBGene00007764,IV,8907047,8915383,+
WBGene00007765,IV,8915472,8916110,-
WBGene00004307,IV,8916408,8918890,-
WBGene00219476,IV,8922150,8922900,+
WBGene00008363,IV,8924161,8926112,-
WBGene00008362,IV,8926335,8930315,+
WBGene00255595,IV,8929031,8930322,+
WBGene00008364,IV,8930442,8932791,+
WBGene00008365,IV,8933997,8937400,+
WBGene00008366,IV,8956489,8965534,+
WBGene00008272,IV,8966133,8967903,+
WBGene00008271,IV,8968290,8970565,+
WBGene00008273,IV,8970868,8973707,-
WBGene00008274,IV,8975532,8984706,+
WBGene00000693,IV,8978823,8979812,-
WBGene00008275,IV,8984866,8986774,+
WBGene00000266,IV,8987130,8990444,+
WBGene00008277,IV,8993086,9000774,+
WBGene00008285,IV,9001145,9002734,-
WBGene00006852,IV,9002837,9005410,-
WBGene00044241,IV,9010584,9012339,+
WBGene00008280,IV,9016788,9019101,+
WBGene00008281,IV,9019175,9020940,-
WBGene00008283,IV,9027686,9032659,-
WBGene00023424,IV,9033576,9034440,-
WBGene00008284,IV,9034845,9037163,-
WBGene00013516,IV,9039575,9040504,-
WBGene00013515,IV,9042387,9043347,-
WBGene00013514,IV,9043938,9045369,-
WBGene00003610,IV,9070010,9073622,+
WBGene00013880,IV,9074673,9076571,+
WBGene00013881,IV,9076501,9078807,-
WBGene00006663,IV,9082361,9087554,+
WBGene00013882,IV,9088594,9092193,+
WBGene00003066,IV,9092217,9094468,-
WBGene00002046,IV,9094541,9095653,-
WBGene00007223,IV,9095754,9096231,-
WBGene00007221,IV,9096842,9099364,+
WBGene00007222,IV,9099242,9101592,+
WBGene00219207,IV,9103876,9104191,-
WBGene00001413,IV,9104966,9107609,+
WBGene00000120,IV,9108931,9109753,+
WBGene00006438,IV,9119098,9130378,+
WBGene00009073,IV,9132600,9135477,-
WBGene00000906,IV,9136933,9146210,-
WBGene00001444,IV,9144692,9146122,+
WBGene00009078,IV,9146337,9146869,-
WBGene00000121,IV,9147468,9148579,+
WBGene00009075,IV,9150491,9152043,+
WBGene00009077,IV,9152819,9154320,-
WBGene00003958,IV,9155079,9159019,-
WBGene00003957,IV,9160640,9165127,-
WBGene00235302,IV,9166051,9166152,+
WBGene00007411,IV,9185064,9186023,+
WBGene00008113,IV,9191639,9192622,-
WBGene00045078,IV,9194824,9196062,+
WBGene00006941,IV,9200102,9212235,+
WBGene00008114,IV,9212375,9214236,+
WBGene00008110,IV,9216952,9220397,+
WBGene00008111,IV,9225125,9227781,+
WBGene00012428,IV,9233028,9241387,+
WBGene00004281,IV,9242225,9243999,-
WBGene00012429,IV,9244520,9245523,-
WBGene00012431,IV,9249523,9250459,+
WBGene00012432,IV,9251379,9253913,+
WBGene00012433,IV,9253979,9256117,-
WBGene00012434,IV,9258913,9259764,-
WBGene00000694,IV,9260610,9261787,-
WBGene00012435,IV,9261808,9264265,-
WBGene00077756,IV,9265810,9266561,-
WBGene00012436,IV,9270096,9271935,+
WBGene00012437,IV,9274416,9283113,+
WBGene00010410,IV,9284893,9286446,-
WBGene00008778,IV,9292296,9293925,-
WBGene00009871,IV,9294899,9296406,-
WBGene00009872,IV,9298024,9299220,-
WBGene00009873,IV,9300427,9301951,+
WBGene00009874,IV,9302665,9304094,-
WBGene00009875,IV,9304917,9307165,+
WBGene00009876,IV,9307338,9309109,-
WBGene00009877,IV,9309108,9312927,-
WBGene00009878,IV,9314810,9316215,-
WBGene00004463,IV,9316639,9318632,+
WBGene00009879,IV,9318153,9319286,-
WBGene00009880,IV,9319380,9320143,+
WBGene00009881,IV,9320122,9321089,-
WBGene00009882,IV,9321801,9322528,+
WBGene00009883,IV,9322489,9324145,-
WBGene00009884,IV,9324435,9327516,+
WBGene00011855,IV,9328010,9328745,+
WBGene00011856,IV,9328973,9330855,-
WBGene00011857,IV,9333342,9335916,-
WBGene00011858,IV,9337044,9338567,+
WBGene00011859,IV,9338587,9339305,-
WBGene00006931,IV,9339403,9341790,-
WBGene00011860,IV,9341964,9343152,-
WBGene00007505,IV,9343358,9366506,-
WBGene00007506,IV,9371508,9373636,+
WBGene00007507,IV,9374733,9376492,+
WBGene00007508,IV,9378552,9380450,+
WBGene00007509,IV,9381515,9383115,+
WBGene00007511,IV,9385126,9385713,+
WBGene00000911,IV,9386208,9394930,+
WBGene00000695,IV,9394934,9396218,-
WBGene00010147,IV,9396920,9398603,-
WBGene00010148,IV,9399653,9401293,+
WBGene00010150,IV,9401922,9412653,+
WBGene00010149,IV,9407213,9408121,-
WBGene00010152,IV,9418432,9422506,-
WBGene00010153,IV,9423395,9424415,+
WBGene00010316,IV,9428259,9439077,+
WBGene00010317,IV,9439043,9440893,-
WBGene00009544,IV,9442877,9444516,-
WBGene00002012,IV,9444791,9445507,-
WBGene00002013,IV,9446385,9446884,-
WBGene00009541,IV,9449473,9457501,-
WBGene00000775,IV,9451338,9453372,+
WBGene00009542,IV,9459731,9463998,+
WBGene00009543,IV,9463951,9467518,-
WBGene00006949,IV,9475863,9477446,-
WBGene00000563,IV,9477522,9481037,-
WBGene00007887,IV,9482053,9485140,-
WBGene00005665,IV,9486272,9487631,+
WBGene00005664,IV,9488670,9490194,+
WBGene00005669,IV,9490620,9491991,+
WBGene00005666,IV,9496606,9497888,+
WBGene00005667,IV,9498388,9499588,+
WBGene00007885,IV,9500311,9502568,+
WBGene00007888,IV,9505615,9506326,-
WBGene00007886,IV,9506936,9508779,-
WBGene00007883,IV,9510055,9510594,-
WBGene00007882,IV,9510748,9513002,-
WBGene00007890,IV,9516992,9518410,+
WBGene00007881,IV,9518367,9518927,-
WBGene00007880,IV,9523764,9524895,-
WBGene00001239,IV,9526359,9528350,+
WBGene00010176,IV,9528355,9529569,-
WBGene00001245,IV,9529947,9531378,+
WBGene00010175,IV,9531357,9533171,-
WBGene00001403,IV,9540808,9546250,+
WBGene00011456,IV,9546286,9560428,+
WBGene00011454,IV,9560787,9566605,-
WBGene00000696,IV,9563360,9564441,+
WBGene00003808,IV,9568828,9580071,-
WBGene00009186,IV,9587100,9588834,-
WBGene00009185,IV,9589795,9592529,-
WBGene00005003,IV,9593667,9594425,+
WBGene00009184,IV,9595088,9595933,-
WBGene00009183,IV,9596497,9599081,+
WBGene00000002,IV,9598986,9601695,-
WBGene00001249,IV,9614970,9620140,+
WBGene00185095,IV,9621994,9622372,-
WBGene00185096,IV,9622925,9623365,-
WBGene00185116,IV,9624035,9624392,-
WBGene00194867,IV,9624713,9625074,-
WBGene00003151,IV,9625910,9634948,-
WBGene00000953,IV,9636980,9642003,-
WBGene00010278,IV,9643422,9644268,+
WBGene00010272,IV,9644245,9647934,-
WBGene00010273,IV,9649043,9650490,+
WBGene00044107,IV,9651394,9652484,+
WBGene00010274,IV,9653535,9654175,+
WBGene00010277,IV,9654317,9655588,+
WBGene00010275,IV,9658053,9663941,+
WBGene00003627,IV,9664365,9675672,-
WBGene00002091,IV,9680387,9680941,-
WBGene00002090,IV,9682013,9682826,-
WBGene00014240,IV,9682984,9683533,-
WBGene00014241,IV,9683617,9684473,+
WBGene00003463,IV,9688982,9689433,+
WBGene00014242,IV,9690932,9691465,+
WBGene00006664,IV,9693202,9697005,+
WBGene00014243,IV,9696989,9706723,-
WBGene00010484,IV,9707148,9707764,+
WBGene00010485,IV,9708170,9709305,-
WBGene00003629,IV,9710202,9712419,+
WBGene00010486,IV,9713082,9714886,+
WBGene00003728,IV,9725251,9728576,+
WBGene00003690,IV,9728676,9731314,+
WBGene00000509,IV,9731737,9737621,-
WBGene00007796,IV,9738510,9739220,+
WBGene00001607,IV,9739219,9740908,-
WBGene00007794,IV,9741875,9743147,-
WBGene00007792,IV,9743765,9745003,-
WBGene00007793,IV,9745555,9746862,-
WBGene00007795,IV,9747228,9748442,-
WBGene00003687,IV,9757648,9764494,+
WBGene00011749,IV,9765669,9766436,-
WBGene00003466,IV,9766745,9767187,-
WBGene00003465,IV,9770013,9770459,+
WBGene00000301,IV,9772510,9773470,+
WBGene00011747,IV,9774563,9777634,-
WBGene00011746,IV,9778288,9781203,+
WBGene00011745,IV,9781043,9784686,-
WBGene00011744,IV,9789808,9791917,+
WBGene00004031,IV,9791945,9796592,-
WBGene00011743,IV,9796688,9797354,-
WBGene00001396,IV,9799429,9802638,+
WBGene00001395,IV,9803023,9806119,+
WBGene00012340,IV,9806416,9810733,-
WBGene00001188,IV,9812444,9815526,-
WBGene00012341,IV,9817412,9824632,-
WBGene00000697,IV,9821895,9823112,+
WBGene00012342,IV,9825694,9830620,+
WBGene00002204,IV,9832935,9834822,+
WBGene00003467,IV,9835991,9836452,-
WBGene00003425,IV,9837616,9838065,+
WBGene00002206,IV,9839057,9841084,-
WBGene00003449,IV,9841443,9841961,+
WBGene00045180,IV,9842371,9842992,+
WBGene00010633,IV,9844014,9844344,+
WBGene00010634,IV,9844989,9846674,-
WBGene00010635,IV,9847724,9848175,-
WBGene00010636,IV,9848491,9849796,-
WBGene00006039,IV,9850648,9851070,-
WBGene00006050,IV,9852550,9853609,+
WBGene00010637,IV,9856012,9858067,+
WBGene00003787,IV,9858488,9862118,+
WBGene00010638,IV,9862221,9864076,+
WBGene00010640,IV,9864179,9864954,+
WBGene00010639,IV,9865078,9866163,+
WBGene00003603,IV,9879329,9882152,+
WBGene00009320,IV,9882132,9884383,-
WBGene00009319,IV,9884556,9887150,+
WBGene00009324,IV,9887190,9889929,-
WBGene00009321,IV,9890585,9892038,-
WBGene00006056,IV,9892739,9893779,-
WBGene00003464,IV,9894596,9895038,+
WBGene00006049,IV,9895388,9896147,+
WBGene00009322,IV,9899012,9902513,+
WBGene00009323,IV,9903908,9905903,+
WBGene00009133,IV,9916530,9921996,+
WBGene00001113,IV,9921955,9928223,-
WBGene00009131,IV,9930899,9932240,-
WBGene00009132,IV,9932235,9933879,+
WBGene00004974,IV,9933910,9934285,+
WBGene00001650,IV,9934767,9953433,-
WBGene00011762,IV,9964245,9966630,+
WBGene00002193,IV,9967095,9969181,-
WBGene00008154,IV,9969400,9971200,+
WBGene00008155,IV,9972037,9972652,-
WBGene00008153,IV,9972800,9973984,+
WBGene00008152,IV,9974672,9975484,+
WBGene00044240,IV,9975496,9976384,-
WBGene00000964,IV,9978122,9980770,+
WBGene00008151,IV,9980724,9982276,-
WBGene00008150,IV,9983195,9989678,+
WBGene00006699,IV,9989670,9995034,-
WBGene00008149,IV,9995472,9999032,-
WBGene00008148,IV,9999047,10001846,-
WBGene00008147,IV,10001972,10003534,-
WBGene00005663,IV,10003726,10005599,+
WBGene00008156,IV,10005570,10006892,-
WBGene00009678,IV,10009354,10014187,+
WBGene00009679,IV,10013958,10016398,-
WBGene00009686,IV,10017425,10021286,+
WBGene00219418,IV,10021583,10021750,+
WBGene00009680,IV,10022263,10022705,-
WBGene00009685,IV,10023291,10025226,+
WBGene00009681,IV,10026413,10027666,-
WBGene00009682,IV,10029055,10029498,+
WBGene00194914,IV,10029667,10029772,+
WBGene00009683,IV,10033363,10034820,+
WBGene00009684,IV,10035638,10035967,+
WBGene00009687,IV,10036627,10037066,-
WBGene00011424,IV,10039773,10040903,-
WBGene00001487,IV,10043183,10045739,+
WBGene00011422,IV,10047408,10050554,+
WBGene00044018,IV,10050581,10051188,-
WBGene00005723,IV,10051286,10053650,-
WBGene00011425,IV,10054036,10056250,-
WBGene00011423,IV,10056591,10062849,-
WBGene00000858,IV,10067824,10070251,+
WBGene00012170,IV,10070270,10072626,-
WBGene00012169,IV,10073404,10075166,-
WBGene00012171,IV,10075414,10075775,+
WBGene00012172,IV,10076325,10078705,+
WBGene00012173,IV,10081155,10082610,+
WBGene00012174,IV,10083491,10084440,-
WBGene00000593,IV,10084454,10085438,-
WBGene00003576,IV,10086137,10088437,+
WBGene00007304,IV,10088367,10089894,-
WBGene00007305,IV,10090658,10092379,+
WBGene00007306,IV,10094198,10095259,-
WBGene00003432,IV,10095398,10095851,+
WBGene00001001,IV,10097196,10106556,+
WBGene00001204,IV,10106917,10110412,-
WBGene00007307,IV,10110347,10111577,-
WBGene00007308,IV,10112870,10114287,+
WBGene00007309,IV,10115389,10118084,+
WBGene00007310,IV,10119460,10122305,-
WBGene00010676,IV,10122120,10126675,-
WBGene00010677,IV,10126749,10128956,-
WBGene00010678,IV,10129257,10130244,+
WBGene00001621,IV,10130257,10133283,+
WBGene00010679,IV,10134932,10135887,-
WBGene00010680,IV,10138124,10139104,+
WBGene00001751,IV,10139380,10140285,-
WBGene00001750,IV,10140330,10141513,-
WBGene00001752,IV,10142135,10143099,+
WBGene00003434,IV,10143312,10143775,-
WBGene00000975,IV,10145249,10146222,+
WBGene00011777,IV,10146226,10147105,-
WBGene00011776,IV,10147031,10149038,-
WBGene00006638,IV,10149166,10150602,-
WBGene00011775,IV,10151949,10155636,+
WBGene00011774,IV,10155775,10156771,+
WBGene00011773,IV,10158038,10159243,+
WBGene00004091,IV,10162008,10164390,+
WBGene00004254,IV,10164331,10174341,-
WBGene00010556,IV,10176680,10178099,+
WBGene00010557,IV,10177968,10180304,+
WBGene00001794,IV,10180660,10183939,+
WBGene00010558,IV,10183851,10194424,-
WBGene00001653,IV,10197820,10202993,+
WBGene00010559,IV,10204185,10206073,-
WBGene00000019,IV,10206189,10214911,-
WBGene00007698,IV,10214986,10219308,-
WBGene00000698,IV,10216450,10217643,+
WBGene00007696,IV,10219373,10221281,-
WBGene00007697,IV,10222472,10223745,+
WBGene00003531,IV,10224023,10226342,+
WBGene00008509,IV,10226334,10227639,-
WBGene00008508,IV,10227987,10231060,-
WBGene00008507,IV,10231375,10232552,-
WBGene00001158,IV,10233321,10235329,-
WBGene00001157,IV,10236626,10239176,-
WBGene00008510,IV,10239278,10241859,-
WBGene00008506,IV,10243591,10245752,+
WBGene00008512,IV,10246160,10249785,+
WBGene00000910,IV,10250646,10255844,+
WBGene00008511,IV,10255755,10259657,-
WBGene00012781,IV,10268882,10269228,-
WBGene00012782,IV,10269883,10272691,+
WBGene00012783,IV,10274036,10275411,+
WBGene00044922,IV,10277264,10277918,+
WBGene00012784,IV,10277989,10279501,+
WBGene00006568,IV,10279457,10281582,-
WBGene00004297,IV,10281637,10284244,-
WBGene00004140,IV,10286955,10293013,+
WBGene00011176,IV,10292928,10294130,-
WBGene00194658,IV,10294811,10295267,-
WBGene00011175,IV,10296046,10302310,-
WBGene00011177,IV,10310116,10310429,-
WBGene00011173,IV,10310772,10313670,-
WBGene00044254,IV,10314139,10314576,+
WBGene00011172,IV,10317558,10318293,-
WBGene00011171,IV,10319351,10321170,-
WBGene00006779,IV,10324255,10350217,-
WBGene00012785,IV,10351445,10352343,-
WBGene00012786,IV,10353167,10355120,+
WBGene00011236,IV,10355046,10357170,-
WBGene00011237,IV,10358141,10360219,+
WBGene00011238,IV,10360800,10363331,+
WBGene00004800,IV,10363318,10366249,-
WBGene00011239,IV,10366333,10367790,-
WBGene00002152,IV,10368607,10373136,+
WBGene00011241,IV,10372638,10373821,-
WBGene00011240,IV,10374905,10387318,+
WBGene00003064,IV,10387413,10388345,+
WBGene00011222,IV,10388483,10393294,+
WBGene00004972,IV,10389578,10391969,-
WBGene00011223,IV,10394591,10394958,-
WBGene00001669,IV,10404012,10408530,+
WBGene00011224,IV,10408703,10409477,-
WBGene00011225,IV,10409985,10413928,-
WBGene00008733,IV,10414030,10417881,-
WBGene00008729,IV,10422610,10424635,-
WBGene00008730,IV,10426231,10429110,-
WBGene00002084,IV,10436708,10438410,+
WBGene00008731,IV,10439123,10443819,+
WBGene00008734,IV,10444094,10444584,+
WBGene00008732,IV,10444583,10449899,-
WBGene00008490,IV,10450802,10453098,-
WBGene00008489,IV,10454432,10457237,-
WBGene00003167,IV,10458863,10461766,-
WBGene00008485,IV,10464588,10467240,+
WBGene00008486,IV,10469741,10471899,+
WBGene00008491,IV,10472778,10478168,+
WBGene00001189,IV,10478450,10481844,-
WBGene00008488,IV,10482629,10483655,-
WBGene00000419,IV,10484110,10492952,+
WBGene00006527,IV,10493071,10501599,-
WBGene00007264,IV,10513887,10515228,-
WBGene00000288,IV,10521422,10530597,+
WBGene00007265,IV,10523462,10524145,-
WBGene00011593,IV,10530709,10532915,+
WBGene00011594,IV,10533943,10536442,+
WBGene00011595,IV,10536736,10538684,-
WBGene00011596,IV,10541495,10545091,-
WBGene00011597,IV,10547088,10555442,+
WBGene00011600,IV,10555247,10558221,+
WBGene00011601,IV,10558721,10561130,+
WBGene00001867,IV,10561905,10563947,+
WBGene00001163,IV,10576350,10578288,+
WBGene00008076,IV,10578667,10581786,+
WBGene00008077,IV,10584537,10587400,+
WBGene00008072,IV,10587553,10589147,-
WBGene00008073,IV,10589294,10590749,-
WBGene00008074,IV,10590925,10593042,+
WBGene00008075,IV,10593068,10593575,-
WBGene00045024,IV,10596805,10600030,+
WBGene00011179,IV,10600314,10601852,+
WBGene00011180,IV,10602944,10606894,+
WBGene00011181,IV,10606902,10608861,+
WBGene00011183,IV,10608575,10609744,+
WBGene00004228,IV,10615427,10620958,+
WBGene00011184,IV,10621111,10621832,+
WBGene00011182,IV,10621684,10628861,-
WBGene00044977,IV,10629431,10631245,-
WBGene00010144,IV,10637060,10639213,+
WBGene00010145,IV,10639277,10642690,+
WBGene00010146,IV,10642912,10654147,-
WBGene00010646,IV,10656874,10660774,+
WBGene00001476,IV,10661857,10664404,+
WBGene00010649,IV,10664412,10665685,+
WBGene00001328,IV,10666827,10679289,+
WBGene00010647,IV,10679383,10680475,-
WBGene00001477,IV,10682524,10684385,+
WBGene00010648,IV,10684432,10685894,-
WBGene00011288,IV,10686550,10687045,+
WBGene00011289,IV,10687592,10688135,+
WBGene00011295,IV,10689601,10690195,-
WBGene00011290,IV,10690444,10691789,+
WBGene00011291,IV,10691991,10695303,-
WBGene00011292,IV,10695309,10697071,-
WBGene00077714,IV,10698379,10699760,-
WBGene00011293,IV,10699316,10706114,-
WBGene00011297,IV,10705463,10707313,+
WBGene00011296,IV,10710057,10711794,-
WBGene00003568,IV,10716648,10721755,+
WBGene00013856,IV,10728572,10729003,+
WBGene00013857,IV,10732832,10734632,-
WBGene00000865,IV,10735259,10737177,+
WBGene00001730,IV,10737474,10738189,+
WBGene00013858,IV,10738204,10738658,-
WBGene00012009,IV,10744779,10748275,+
WBGene00012007,IV,10748385,10750153,-
WBGene00012008,IV,10750512,10751762,-
WBGene00012011,IV,10752398,10754785,-
WBGene00012010,IV,10755760,10757716,-
WBGene00012012,IV,10758126,10760795,+
WBGene00012013,IV,10761597,10764496,+
WBGene00044990,IV,10764520,10765297,+
WBGene00044991,IV,10765441,10766067,+
WBGene00012014,IV,10766481,10768429,-
WBGene00012015,IV,10769653,10777755,+
WBGene00012016,IV,10770227,10773747,-
WBGene00007384,IV,10778985,10780711,-
WBGene00005085,IV,10785024,10786831,-
WBGene00003876,IV,10790598,10794597,+
WBGene00014669,IV,10799614,10802250,+
WBGene00011259,IV,10812409,10825953,+
WBGene00011257,IV,10826028,10828021,-
WBGene00011258,IV,10829549,10832248,-
WBGene00011720,IV,10835827,10842761,-
WBGene00011719,IV,10849749,10851933,-
WBGene00011718,IV,10852669,10855366,-
WBGene00011717,IV,10855485,10858559,-
WBGene00002001,IV,10858957,10861295,+
WBGene00011722,IV,10861402,10864232,+
WBGene00008750,IV,10864331,10873632,+
WBGene00008760,IV,10865258,10869180,-
WBGene00008761,IV,10873673,10874627,-
WBGene00008751,IV,10877144,10877296,+
WBGene00008755,IV,10877836,10879727,-
WBGene00008752,IV,10880564,10880716,+
WBGene00044797,IV,10881549,10882523,+
WBGene00008754,IV,10882972,10884363,-
WBGene00008759,IV,10885238,10886015,-
WBGene00045209,IV,10887200,10887385,-
WBGene00045208,IV,10889471,10889878,-
WBGene00045207,IV,10891333,10892093,-
WBGene00008757,IV,10893648,10894355,-
WBGene00008753,IV,10895225,10896612,-
WBGene00008758,IV,10897655,10899180,-
WBGene00194922,IV,10899406,10899540,+
WBGene00014006,IV,10900370,10901386,+
WBGene00014008,IV,10901913,10904382,-
WBGene00014007,IV,10908131,10909306,-
WBGene00014001,IV,10909915,10913078,+
WBGene00014002,IV,10913361,10914582,+
WBGene00014003,IV,10916597,10917718,+
WBGene00004319,IV,10920075,10926807,+
WBGene00001017,IV,10926730,10933203,-
WBGene00003081,IV,10933502,10934200,+
WBGene00002981,IV,10934186,10935914,-
WBGene00014004,IV,10937454,10939935,+
WBGene00013473,IV,10947228,10948897,-
WBGene00013474,IV,10949767,10951133,+
WBGene00013475,IV,10952359,10954689,+
WBGene00013476,IV,10955255,10956642,+
WBGene00013477,IV,10956863,10957698,-
WBGene00005531,IV,10958372,10961208,+
WBGene00000171,IV,10961355,10966459,-
WBGene00013478,IV,10966590,10968166,+
WBGene00012794,IV,10982068,10985030,+
WBGene00000866,IV,10985985,10987426,+
WBGene00012795,IV,10987906,10989182,+
WBGene00008776,IV,10990999,10994137,+
WBGene00045056,IV,11002119,11003801,+
WBGene00008773,IV,11004573,11005070,+
WBGene00008777,IV,11009296,11010103,+
WBGene00003586,IV,11009981,11012020,-
WBGene00008774,IV,11012119,11015883,-
WBGene00008775,IV,11016229,11021902,-
WBGene00044784,IV,11020498,11021438,+
WBGene00000109,IV,11022603,11025870,+
WBGene00009494,IV,11028477,11029105,-
WBGene00009493,IV,11030160,11031082,-
WBGene00009495,IV,11031171,11033581,+
WBGene00001426,IV,11036548,11038148,+
WBGene00006490,IV,11038662,11047422,+
WBGene00009496,IV,11049171,11049632,+
WBGene00009492,IV,11050128,11052430,+
WBGene00009497,IV,11052816,11053634,-
WBGene00002992,IV,11054308,11063613,+
WBGene00012382,IV,11063512,11064152,-
WBGene00012383,IV,11066018,11067072,-
WBGene00012385,IV,11076085,11078582,-
WBGene00010882,IV,11078677,11081055,-
WBGene00002344,IV,11080989,11082253,-
WBGene00002214,IV,11083735,11086050,+
WBGene00000246,IV,11086074,11092552,-
WBGene00010883,IV,11089797,11091856,+
WBGene00010884,IV,11093843,11095085,-
WBGene00010887,IV,11096724,11097982,-
WBGene00006071,IV,11098448,11100371,-
WBGene00010885,IV,11100631,11101478,-
WBGene00010886,IV,11101962,11102695,-
WBGene00011484,IV,11104743,11105820,-
WBGene00011482,IV,11108494,11110017,-
WBGene00004474,IV,11110102,11111045,-
WBGene00011479,IV,11112999,11116754,+
WBGene00011481,IV,11116732,11118887,-
WBGene00011480,IV,11119298,11123155,+
WBGene00004985,IV,11123133,11124862,-
WBGene00004204,IV,11126024,11131162,+
WBGene00000181,IV,11131279,11133785,+
WBGene00008502,IV,11135566,11142360,-
WBGene00008503,IV,11143345,11145923,+
WBGene00008504,IV,11146106,11147247,-
WBGene00008505,IV,11146940,11149504,-
WBGene00007444,IV,11149189,11154334,+
WBGene00007443,IV,11150113,11150892,+
WBGene00007445,IV,11155029,11156634,+
WBGene00007446,IV,11157102,11159492,-
WBGene00219217,IV,11159570,11160807,-
WBGene00007447,IV,11161787,11162551,-
WBGene00007448,IV,11162768,11164622,-
WBGene00003657,IV,11169834,11174783,+
WBGene00004309,IV,11177286,11178200,+
WBGene00007449,IV,11178077,11178595,-
WBGene00011122,IV,11179645,11183001,+
WBGene00004199,IV,11183132,11184310,+
WBGene00011123,IV,11184243,11186000,+
WBGene00011124,IV,11187012,11188264,+
WBGene00011127,IV,11188891,11189613,-
WBGene00235134,IV,11199330,11199790,+
WBGene00011131,IV,11202768,11205790,+
WBGene00011129,IV,11207531,11209359,+
WBGene00011128,IV,11209309,11210831,-
WBGene00011130,IV,11213651,11218137,-
WBGene00007809,IV,11222048,11223936,-
WBGene00000699,IV,11225505,11226519,+
WBGene00007808,IV,11226502,11230307,-
WBGene00007338,IV,11231670,11233124,-
WBGene00007336,IV,11246451,11248081,-
WBGene00001795,IV,11248884,11259535,-
WBGene00007335,IV,11253985,11255703,+
WBGene00007337,IV,11260412,11261185,-
WBGene00010046,IV,11261844,11263075,+
WBGene00000700,IV,11263401,11264331,+
WBGene00000701,IV,11264947,11265877,-
WBGene00003606,IV,11266290,11271352,-
WBGene00001796,IV,11273483,11281924,+
WBGene00010047,IV,11287811,11294913,+
WBGene00007114,IV,11295074,11296887,-
WBGene00007113,IV,11296952,11298388,-
WBGene00001019,IV,11299008,11304789,+
WBGene00007112,IV,11304721,11306762,-
WBGene00007105,IV,11310972,11312515,+
WBGene00001020,IV,11312437,11313980,-
WBGene00007106,IV,11314078,11315116,-
WBGene00007107,IV,11315142,11315877,+
WBGene00007108,IV,11317419,11319951,+
WBGene00044290,IV,11320320,11320697,+
WBGene00007109,IV,11320800,11323634,+
WBGene00001921,IV,11323885,11324470,-
WBGene00001922,IV,11324719,11325222,+
WBGene00001920,IV,11326018,11326329,-
WBGene00001919,IV,11326557,11327090,+
WBGene00235095,IV,11327356,11327569,+
WBGene00007110,IV,11327576,11329369,-
WBGene00007111,IV,11329466,11332969,-
WBGene00010061,IV,11333079,11337184,-
WBGene00001929,IV,11337733,11338295,-
WBGene00001930,IV,11338522,11338833,+
WBGene00001932,IV,11339630,11340132,-
WBGene00001931,IV,11340412,11341703,+
WBGene00002223,IV,11341325,11359863,-
WBGene00011337,IV,11354412,11355403,+
WBGene00044025,IV,11359864,11361509,-
WBGene00011338,IV,11365605,11371836,-
WBGene00010351,IV,11372991,11377627,+
WBGene00010352,IV,11378174,11379348,-
WBGene00006459,IV,11394543,11396728,+
WBGene00001108,IV,11396788,11398317,-
WBGene00001940,IV,11400311,11400812,-
WBGene00001939,IV,11401059,11401564,+
WBGene00010353,IV,11401884,11403338,-
WBGene00010354,IV,11403961,11406066,+
WBGene00001937,IV,11406365,11406893,-
WBGene00001938,IV,11407084,11407496,+
WBGene00009035,IV,11410228,11413001,+
WBGene00045122,IV,11413208,11415020,-
WBGene00009036,IV,11415598,11416824,-
WBGene00009038,IV,11417581,11421796,-
WBGene00009039,IV,11422711,11425251,-
WBGene00002192,IV,11425742,11447060,+
WBGene00007006,IV,11459984,11463195,+
WBGene00007512,IV,11463609,11465189,-
WBGene00007515,IV,11465433,11467239,-
WBGene00219489,IV,11469620,11469748,-
WBGene00007513,IV,11470185,11473419,+
WBGene00007514,IV,11473363,11479251,-
WBGene00003148,IV,11479358,11480369,-
WBGene00010409,IV,11480846,11482437,+
WBGene00004892,IV,11482668,11498167,-
WBGene00219458,IV,11500721,11502103,+
WBGene00006678,IV,11504716,11509723,+
WBGene00010848,IV,11509726,11510764,-
WBGene00010847,IV,11518422,11521031,-
WBGene00001585,IV,11521290,11522214,+
WBGene00003218,IV,11524642,11527954,+
WBGene00010846,IV,11528052,11530715,+
WBGene00010849,IV,11530650,11548586,-
WBGene00000702,IV,11550002,11551987,-
WBGene00008722,IV,11558737,11561891,-
WBGene00004755,IV,11561986,11566194,-
WBGene00006406,IV,11570500,11578699,+
WBGene00004360,IV,11578757,11584066,+
WBGene00008720,IV,11585224,11588321,+
WBGene00009589,IV,11588263,11592240,-
WBGene00009588,IV,11592351,11594003,-
WBGene00009587,IV,11594244,11601695,+
WBGene00004480,IV,11602641,11603283,+
WBGene00012497,IV,11603613,11604927,-
WBGene00012496,IV,11605254,11607457,+
WBGene00001107,IV,11619502,11620938,-
WBGene00003093,IV,11621443,11623174,-
WBGene00003094,IV,11624255,11625582,-
WBGene00003095,IV,11626910,11627947,-
WBGene00010231,IV,11628757,11631850,-
WBGene00003415,IV,11631941,11635487,-
WBGene00010232,IV,11636648,11638208,+
WBGene00010233,IV,11638316,11640097,+
WBGene00010234,IV,11640047,11641015,-
WBGene00014085,IV,11642102,11643722,+
WBGene00004192,IV,11644129,11646190,+
WBGene00014088,IV,11645597,11648893,-
WBGene00006491,IV,11650715,11652033,-
WBGene00014086,IV,11652403,11653461,+
WBGene00001320,IV,11653422,11655470,-
WBGene00014087,IV,11656730,11659425,+
WBGene00014076,IV,11659800,11665203,+
WBGene00194934,IV,11665310,11667989,+
WBGene00014080,IV,11668024,11671505,+
WBGene00002130,IV,11673816,11675635,+
WBGene00002131,IV,11676354,11678497,+
WBGene00014077,IV,11678440,11682005,-
WBGene00014078,IV,11684975,11688118,-
WBGene00002335,IV,11688227,11691088,-
WBGene00235132,IV,11693793,11693927,+
WBGene00014079,IV,11694359,11696464,+
WBGene00001079,IV,11696443,11699895,-
WBGene00011911,IV,11703185,11704016,-
WBGene00011910,IV,11704246,11708264,+
WBGene00010444,IV,11715039,11729276,+
WBGene00010448,IV,11735325,11742305,+
WBGene00194869,IV,11737031,11737369,-
WBGene00045096,IV,11738247,11738567,-
WBGene00010446,IV,11739095,11740284,-
WBGene00010447,IV,11742706,11743789,+
WBGene00001577,IV,11745640,11748640,+
WBGene00011727,IV,11749154,11751074,+
WBGene00011728,IV,11751872,11752945,+
WBGene00011724,IV,11752987,11754387,-
WBGene00194933,IV,11754843,11755103,-
WBGene00185100,IV,11755274,11755970,-
WBGene00011723,IV,11756381,11761064,-
WBGene00011725,IV,11768639,11773742,-
WBGene00011726,IV,11779216,11786969,+
WBGene00010350,IV,11783941,11792593,-
WBGene00010349,IV,11798667,11801088,-
WBGene00045108,IV,11801697,11803144,-
WBGene00010348,IV,11803273,11804152,-
WBGene00010918,IV,11814247,11819612,+
WBGene00003920,IV,11820505,11821917,-
WBGene00010919,IV,11823516,11823938,+
WBGene00044253,IV,11827744,11828112,-
WBGene00010920,IV,11830799,11833556,-
WBGene00009546,IV,11838980,11840423,+
WBGene00009547,IV,11842421,11846350,+
WBGene00009550,IV,11847009,11847871,-
WBGene00009548,IV,11848232,11850309,+
WBGene00006415,IV,11850950,11855159,-
WBGene00009549,IV,11852193,11853146,+
WBGene00001151,IV,11854828,11856376,-
WBGene00002363,IV,11856629,11860460,+
WBGene00009551,IV,11860555,11862498,+
WBGene00007801,IV,11864532,11875738,+
WBGene00004084,IV,11876156,11877839,-
WBGene00007802,IV,11878549,11883407,+
WBGene00002827,IV,11885530,11891081,+
WBGene00003633,IV,11899683,11902910,+
WBGene00012163,IV,11912005,11913245,+
WBGene00001398,IV,11913691,11915796,-
WBGene00219327,IV,11915767,11916126,+
WBGene00219456,IV,11916879,11917365,+
WBGene00014089,IV,11918110,11922128,-
WBGene00014090,IV,11922358,11923174,-
WBGene00044009,IV,11924685,11925397,-
WBGene00014091,IV,11926023,11928415,+
WBGene00003736,IV,11930872,11935718,+
WBGene00014092,IV,11937384,11940604,+
WBGene00014093,IV,11940603,11942385,-
WBGene00014094,IV,11943314,11945721,-
WBGene00001839,IV,11946106,11949817,-
WBGene00006555,IV,11950570,11952208,+
WBGene00014095,IV,11953249,11955541,+
WBGene00006566,IV,11957547,11959804,-
WBGene00014096,IV,11959823,11961535,-
WBGene00005591,IV,11963910,11965427,-
WBGene00014097,IV,11970534,11972789,+
WBGene00006759,IV,11972697,12011007,-
WBGene00004971,IV,12013420,12014045,+
WBGene00014009,IV,12014189,12015686,-
WBGene00011742,IV,12026882,12029174,-
WBGene00235284,IV,12029704,12029772,-
WBGene00011741,IV,12030047,12031271,-
WBGene00011740,IV,12031314,12032154,+
WBGene00011737,IV,12034252,12037051,+
WBGene00011738,IV,12038985,12046967,-
WBGene00011739,IV,12048256,12049943,+
WBGene00000270,IV,12049862,12051226,-
WBGene00005015,IV,12051484,12055785,+
WBGene00010666,IV,12055670,12056656,-
WBGene00010667,IV,12057626,12059951,+
WBGene00045283,IV,12060397,12061329,-
WBGene00010668,IV,12066572,12066884,-
WBGene00010669,IV,12068890,12074914,+
WBGene00045036,IV,12075744,12076950,+
WBGene00010670,IV,12077107,12078162,-
WBGene00008682,IV,12079463,12084362,+
WBGene00008683,IV,12084478,12085320,+
WBGene00008688,IV,12085423,12087060,+
WBGene00008687,IV,12087017,12089095,-
WBGene00008684,IV,12089247,12092213,-
WBGene00044329,IV,12092322,12093472,-
WBGene00008686,IV,12094372,12096692,+
WBGene00008685,IV,12096779,12105762,+
WBGene00010889,IV,12105858,12108388,+
WBGene00000703,IV,12108672,12110275,-
WBGene00010888,IV,12110586,12111577,-
WBGene00010890,IV,12114810,12121183,-
WBGene00010891,IV,12121266,12122881,+
WBGene00000122,IV,12123155,12124807,+
WBGene00010892,IV,12124952,12126785,+
WBGene00003010,IV,12129504,12135096,+
WBGene00007089,IV,12135074,12138193,-
WBGene00007093,IV,12138847,12141057,-
WBGene00007090,IV,12141161,12143331,-
WBGene00007088,IV,12143431,12145731,-
WBGene00007087,IV,12146486,12150975,-
WBGene00007092,IV,12151170,12154245,-
WBGene00007091,IV,12156838,12164266,+
WBGene00008967,IV,12168244,12169216,+
WBGene00003772,IV,12170824,12178335,-
WBGene00009435,IV,12200978,12207956,+
WBGene00009436,IV,12208192,12209010,-
WBGene00009437,IV,12209708,12210737,+
WBGene00004025,IV,12211098,12215987,-
WBGene00009438,IV,12219609,12222889,+
WBGene00012704,IV,12222872,12227112,-
WBGene00012705,IV,12227910,12229779,-
WBGene00012707,IV,12234139,12236111,-
WBGene00012708,IV,12237175,12238951,-
WBGene00012709,IV,12241363,12244806,-
WBGene00001044,IV,12251111,12252663,-
WBGene00012710,IV,12257637,12259192,-
WBGene00016579,IV,12259797,12261449,-
WBGene00016580,IV,12265526,12268306,-
WBGene00004448,IV,12268995,12269533,+
WBGene00016581,IV,12269594,12270492,-
WBGene00016582,IV,12270490,12275992,-
WBGene00016583,IV,12276083,12278059,-
WBGene00016591,IV,12278729,12279546,+
WBGene00016589,IV,12279659,12281917,+
WBGene00016590,IV,12281672,12282207,-
WBGene00016588,IV,12282739,12287820,+
WBGene00016592,IV,12287928,12289392,+
WBGene00016587,IV,12289449,12290994,+
WBGene00016586,IV,12291046,12293317,+
WBGene00016585,IV,12293234,12301280,-
WBGene00019579,IV,12304462,12307820,-
WBGene00019580,IV,12308293,12311606,-
WBGene00008949,IV,12327190,12328718,+
WBGene00006733,IV,12329407,12331054,-
WBGene00008948,IV,12330984,12336041,-
WBGene00235298,IV,12337193,12337366,+
WBGene00008950,IV,12337577,12340436,+
WBGene00013921,IV,12349946,12355724,+
WBGene00004756,IV,12355604,12360792,-
WBGene00000376,IV,12361542,12371852,+
WBGene00235129,IV,12361764,12361908,-
WBGene00013922,IV,12366874,12367937,-
WBGene00009211,IV,12372253,12374908,+
WBGene00009212,IV,12374709,12376121,-
WBGene00009213,IV,12380104,12380857,+
WBGene00009214,IV,12381592,12382339,+
WBGene00009215,IV,12383170,12384019,+
WBGene00009216,IV,12384507,12385161,-
WBGene00009217,IV,12387720,12390095,-
WBGene00004492,IV,12390264,12391396,-
WBGene00009219,IV,12391591,12392120,+
WBGene00009218,IV,12392121,12398706,-
WBGene00001580,IV,12404374,12408697,+
WBGene00008580,IV,12408895,12410468,+
WBGene00008581,IV,12410467,12412219,+
WBGene00008582,IV,12412923,12417582,-
WBGene00008583,IV,12425217,12432533,+
WBGene00000704,IV,12427506,12428522,-
WBGene00023502,IV,12432640,12435001,+
WBGene00008584,IV,12435802,12438274,+
WBGene00007729,IV,12438659,12441190,+
WBGene00255469,IV,12442068,12443035,+
WBGene00007730,IV,12443236,12444046,-
WBGene00007731,IV,12444450,12445884,-
WBGene00001085,IV,12445801,12451299,-
WBGene00007732,IV,12452066,12454215,-
WBGene00007733,IV,12455097,12456175,+
WBGene00007734,IV,12456913,12458561,+
WBGene00007735,IV,12459819,12463412,-
WBGene00007736,IV,12468658,12474889,+
WBGene00011416,IV,12475310,12477042,-
WBGene00011417,IV,12477373,12479000,-
WBGene00011418,IV,12479011,12482426,+
WBGene00011419,IV,12482847,12484579,-
WBGene00011420,IV,12484910,12486537,-
WBGene00005689,IV,12487579,12489721,+
WBGene00001865,IV,12490791,12495298,+
WBGene00005683,IV,12496065,12497844,+
WBGene00005682,IV,12498538,12500413,+
WBGene00005681,IV,12502256,12504055,+
WBGene00005680,IV,12505697,12507381,+
WBGene00009954,IV,12517110,12518128,-
WBGene00006630,IV,12519118,12520231,-
WBGene00005676,IV,12521239,12522621,-
WBGene00009955,IV,12524478,12525509,-
WBGene00009957,IV,12526260,12527339,-
WBGene00009956,IV,12528529,12531166,-
WBGene00001820,IV,12542034,12545729,+
WBGene00014081,IV,12548129,12554681,+
WBGene00014082,IV,12557072,12558975,-
WBGene00014083,IV,12559365,12560719,+
WBGene00014084,IV,12560749,12561201,+
WBGene00010671,IV,12563775,12566111,-
WBGene00002002,IV,12565983,12567226,-
WBGene00002368,IV,12567842,12570622,+
WBGene00010672,IV,12570706,12571147,-
WBGene00010673,IV,12573370,12578870,+
WBGene00010674,IV,12579055,12581128,-
WBGene00010675,IV,12585192,12586216,-
WBGene00000841,IV,12586511,12590428,-
WBGene00003995,IV,12591697,12599169,-
WBGene00013224,IV,12601126,12605425,-
WBGene00013223,IV,12605700,12614723,-
WBGene00000186,IV,12622093,12631022,-
WBGene00219454,IV,12639113,12639411,-
WBGene00006916,IV,12640447,12650652,+
WBGene00007752,IV,12653403,12674773,+
WBGene00011941,IV,12675207,12676000,+
WBGene00235112,IV,12676904,12677202,-
WBGene00011939,IV,12677398,12684378,-
WBGene00011940,IV,12688655,12703991,+
WBGene00007780,IV,12704111,12706755,+
WBGene00007779,IV,12706714,12711744,-
WBGene00007778,IV,12712765,12714771,+
WBGene00007777,IV,12717831,12719391,+
WBGene00011949,IV,12719960,12720997,+
WBGene00011950,IV,12721356,12723015,+
WBGene00011951,IV,12723103,12724651,-
WBGene00004315,IV,12724948,12730095,+
WBGene00011952,IV,12735187,12741523,-
WBGene00007987,IV,12743039,12744813,-
WBGene00002128,IV,12746584,12749721,+
WBGene00001452,IV,12754558,12757673,-
WBGene00206520,IV,12765504,12765886,+
WBGene00006767,IV,12773862,12787513,+
WBGene00008554,IV,12789041,12790512,+
WBGene00008553,IV,12791171,12791685,+
WBGene00045067,IV,12792795,12793274,+
WBGene00004030,IV,12793816,12796164,+
WBGene00008555,IV,12805931,12830112,+
WBGene00010829,IV,12823819,12825312,-
WBGene00010828,IV,12836510,12840674,+
WBGene00010827,IV,12845696,12848428,+
WBGene00005153,IV,12849506,12854408,+
WBGene00014139,IV,12855549,12859928,+
WBGene00001543,IV,12860137,12865935,+
WBGene00014138,IV,12866109,12869080,+
WBGene00014137,IV,12869270,12871513,-
WBGene00014132,IV,12872829,12875360,-
WBGene00014136,IV,12876965,12879667,-
WBGene00014135,IV,12880634,12883146,-
WBGene00010660,IV,12887102,12890508,-
WBGene00010655,IV,12892513,12893283,+
WBGene00194926,IV,12893773,12894724,+
WBGene00194925,IV,12895294,12896203,+
WBGene00185092,IV,12896698,12898448,+
WBGene00194918,IV,12899708,12900013,+
WBGene00194919,IV,12900567,12900897,+
WBGene00010656,IV,12903117,12903644,+
WBGene00010657,IV,12903785,12906659,-
WBGene00010658,IV,12907469,12909998,-
WBGene00010659,IV,12910647,12912145,-
WBGene00007864,IV,12912790,12914969,-
WBGene00007865,IV,12916043,12917293,+
WBGene00007866,IV,12918611,12920393,+
WBGene00007867,IV,12921264,12923288,+
WBGene00007868,IV,12923525,12924432,-
WBGene00007869,IV,12925866,12926805,-
WBGene00007870,IV,12930707,12931514,+
WBGene00007871,IV,12933928,12934771,-
WBGene00007872,IV,12935011,12936271,-
WBGene00007873,IV,12936738,12937988,+
WBGene00007874,IV,12938213,12939071,+
WBGene00007875,IV,12940106,12941405,-
WBGene00007876,IV,12942933,12944526,+
WBGene00010122,IV,12944887,12946577,-
WBGene00010129,IV,12948770,12950075,+
WBGene00010126,IV,12958030,12959594,+
WBGene00010127,IV,12960436,12962120,+
WBGene00010128,IV,12962808,12964625,+
WBGene00010125,IV,12965387,12967318,+
WBGene00010123,IV,12967448,12969289,-
WBGene00010124,IV,12973624,12975591,+
WBGene00010745,IV,12976231,12978343,+
WBGene00010746,IV,12979017,12981940,+
WBGene00010747,IV,12982119,12986088,-
WBGene00010750,IV,12986726,12989455,-
WBGene00010749,IV,12989685,12991843,-
WBGene00010748,IV,12992157,12994462,-
WBGene00045198,IV,12994676,12995924,-
WBGene00003150,IV,13009116,13035955,+
WBGene00009889,IV,13035956,13039021,-
WBGene00000134,IV,13042391,13046858,+
WBGene00009890,IV,13047197,13048262,+
WBGene00009891,IV,13048457,13049835,+
WBGene00009892,IV,13051377,13052149,+
WBGene00009893,IV,13053297,13055154,+
WBGene00009894,IV,13055357,13055768,-
WBGene00004742,IV,13056376,13057271,+
WBGene00009895,IV,13057678,13059085,+
WBGene00009896,IV,13059618,13060695,+
WBGene00008027,IV,13064003,13065159,+
WBGene00000705,IV,13065766,13067300,-
WBGene00008028,IV,13068751,13070290,+
WBGene00008029,IV,13070479,13071221,+
WBGene00008030,IV,13071754,13072478,+
WBGene00008031,IV,13072660,13076720,-
WBGene00008032,IV,13079446,13082781,+
WBGene00008033,IV,13087005,13089619,+
WBGene00000706,IV,13089578,13091067,-
WBGene00008034,IV,13091187,13093853,-
WBGene00008035,IV,13094007,13095490,+
WBGene00004339,IV,13095762,13097065,+
WBGene00001007,IV,13096958,13098836,-
WBGene00044083,IV,13098978,13099859,+
WBGene00007201,IV,13099378,13100608,+
WBGene00007207,IV,13100715,13104641,+
WBGene00023421,IV,13105323,13106927,+
WBGene00007202,IV,13107659,13111500,+
WBGene00007203,IV,13108141,13109799,-
WBGene00007204,IV,13111520,13113082,-
WBGene00006766,IV,13119096,13124387,+
WBGene00007206,IV,13130440,13133230,+
WBGene00007208,IV,13136032,13138822,+
WBGene00008623,IV,13138991,13142354,-
WBGene00008626,IV,13149576,13150569,+
WBGene00008624,IV,13150552,13154441,-
WBGene00003421,IV,13155228,13164056,+
WBGene00008625,IV,13165516,13166815,+
WBGene00003533,IV,13170544,13173694,+
WBGene00002974,IV,13174157,13179457,-
WBGene00044978,IV,13180179,13180911,-
WBGene00185077,IV,13188293,13189051,-
WBGene00206469,IV,13189157,13193249,-
WBGene00010241,IV,13189717,13192349,+
WBGene00008177,IV,13193563,13197382,-
WBGene00000417,IV,13198372,13204133,-
WBGene00194643,IV,13207468,13209666,-
WBGene00000501,IV,13209729,13214566,-
WBGene00008178,IV,13221961,13232974,+
WBGene00010435,IV,13232943,13236585,-
WBGene00006466,IV,13237281,13239441,-
WBGene00004424,IV,13239588,13240651,-
WBGene00003037,IV,13241051,13243401,+
WBGene00010436,IV,13243673,13244296,+
WBGene00010437,IV,13244324,13247160,+
WBGene00010439,IV,13247261,13250699,+
WBGene00010440,IV,13250648,13252311,-
WBGene00044737,IV,13254225,13255538,+
WBGene00010442,IV,13256051,13259076,+
WBGene00194915,IV,13259172,13261576,+
WBGene00006763,IV,13261556,13272514,-
WBGene00013460,IV,13273911,13282878,-
WBGene00013465,IV,13283002,13289536,-
WBGene00013461,IV,13289776,13297869,-
WBGene00013462,IV,13297926,13300066,+
WBGene00013463,IV,13300179,13300720,+
WBGene00000818,IV,13300828,13304145,+
WBGene00013464,IV,13303746,13310818,+
WBGene00001393,IV,13315644,13318811,+
WBGene00001394,IV,13323850,13326394,+
WBGene00001390,IV,13328359,13329497,+
WBGene00004156,IV,13329508,13331406,-
WBGene00012190,IV,13342858,13346189,+
WBGene00044280,IV,13347665,13348599,+
WBGene00004333,IV,13348870,13353193,-
WBGene00003230,IV,13353723,13356104,+
WBGene00012191,IV,13356113,13358601,-
WBGene00013374,IV,13359471,13360285,-
WBGene00013375,IV,13365169,13368435,+
WBGene00000093,IV,13368368,13369417,-
WBGene00004410,IV,13369424,13370285,-
WBGene00013373,IV,13370653,13371613,+
WBGene00013376,IV,13371999,13377383,+
WBGene00003142,IV,13378016,13380407,+
WBGene00013378,IV,13380387,13381923,-
WBGene00004278,IV,13382055,13384316,-
WBGene00044745,IV,13383905,13386091,-
WBGene00014938,IV,13386294,13387358,+
WBGene00003077,IV,13387469,13389209,+
WBGene00013379,IV,13389146,13398799,-
WBGene00013380,IV,13399068,13400506,-
WBGene00013381,IV,13401306,13403831,+
WBGene00013385,IV,13403769,13408306,-
WBGene00013382,IV,13408606,13412895,-
WBGene00013383,IV,13413560,13415954,-
WBGene00004029,IV,13416041,13421927,+
WBGene00010709,IV,13422500,13429379,+
WBGene00010711,IV,13429466,13430102,+
WBGene00010712,IV,13431288,13434068,-
WBGene00010714,IV,13434188,13445375,-
WBGene00010713,IV,13445819,13454954,-
WBGene00012640,IV,13455500,13456346,+
WBGene00206493,IV,13459916,13460992,-
WBGene00012639,IV,13466139,13469402,+
WBGene00012638,IV,13470566,13472369,-
WBGene00012637,IV,13472497,13474005,+
WBGene00012636,IV,13474432,13476225,+
WBGene00012868,IV,13476935,13502852,-
WBGene00012635,IV,13483465,13485515,+
WBGene00012869,IV,13492571,13497141,+
WBGene00003755,IV,13505270,13505762,-
WBGene00012867,IV,13506079,13509225,+
WBGene00012866,IV,13509224,13513426,+
WBGene00004239,IV,13510307,13512162,-
WBGene00003582,IV,13513369,13521870,-
WBGene00004681,IV,13521970,13540271,-
WBGene00009943,IV,13543402,13548230,-
WBGene00012875,IV,13549605,13561729,-
WBGene00004265,IV,13561861,13574440,+
WBGene00005088,IV,13575058,13576740,+
WBGene00012872,IV,13577333,13578274,-
WBGene00005679,IV,13579253,13582112,+
WBGene00005675,IV,13583209,13584479,+
WBGene00005674,IV,13584946,13587288,+
WBGene00012874,IV,13587475,13588237,+
WBGene00005672,IV,13588993,13590337,+
WBGene00006631,IV,13590607,13591745,-
WBGene00012871,IV,13593539,13593878,+
WBGene00012873,IV,13596972,13597913,-
WBGene00194917,IV,13602674,13603264,+
WBGene00007460,IV,13607436,13609892,-
WBGene00007452,IV,13619508,13621513,+
WBGene00007450,IV,13623833,13625432,+
WBGene00005684,IV,13626769,13632697,+
WBGene00007453,IV,13633499,13635179,+
WBGene00007454,IV,13637288,13638525,+
WBGene00007455,IV,13639260,13644402,+
WBGene00007456,IV,13644463,13645923,-
WBGene00007458,IV,13646735,13647658,-
WBGene00007457,IV,13648039,13649335,-
WBGene00045069,IV,13649836,13650338,-
WBGene00007459,IV,13651014,13651512,-
WBGene00044256,IV,13653955,13655851,+
WBGene00012877,IV,13656413,13659547,-
WBGene00012878,IV,13662116,13662671,-
WBGene00012880,IV,13663398,13664190,-
WBGene00012879,IV,13665345,13666909,-
WBGene00011960,IV,13673804,13677823,+
WBGene00011961,IV,13678951,13680333,+
WBGene00011959,IV,13685076,13687016,-
WBGene00011958,IV,13688324,13689131,-
WBGene00219243,IV,13696058,13698690,-
WBGene00006580,IV,13701240,13704082,-
WBGene00008122,IV,13715906,13716379,-
WBGene00008123,IV,13726930,13732829,+
WBGene00008124,IV,13740951,13742344,-
WBGene00008125,IV,13745709,13745967,+
WBGene00012891,IV,13750334,13770495,+
WBGene00012883,IV,13773548,13774678,-
WBGene00044257,IV,13776415,13777149,+
WBGene00004430,IV,13777808,13778812,+
WBGene00001635,IV,13778866,13782396,+
WBGene00012890,IV,13782385,13785646,-
WBGene00012885,IV,13783962,13784680,+
WBGene00012889,IV,13785743,13786961,-
WBGene00012888,IV,13786945,13788727,-
WBGene00012887,IV,13788936,13796224,+
WBGene00012886,IV,13796255,13797904,-
WBGene00012892,IV,13804206,13807777,-
WBGene00012893,IV,13817487,13820962,-
WBGene00010374,IV,13827886,13844997,+
WBGene00010373,IV,13834286,13836390,-
WBGene00007200,IV,13860339,13865346,-
WBGene00235301,IV,13867074,13867418,+
WBGene00007197,IV,13868556,13876615,-
WBGene00007196,IV,13880138,13881546,+
WBGene00004443,IV,13882225,13882620,+
WBGene00007195,IV,13882734,13884177,+
WBGene00001562,IV,13888089,13893985,+
WBGene00012536,IV,13897817,13902874,-
WBGene00012535,IV,13905991,13912297,-
WBGene00045063,IV,13934445,13964001,+
WBGene00044989,IV,13964359,13979847,-
WBGene00001575,IV,13981087,13982525,-
WBGene00006598,IV,13982636,13984141,-
WBGene00006597,IV,13984251,13985805,-
WBGene00001190,IV,13989094,14012026,+
WBGene00005810,IV,14014024,14015944,-
WBGene00012542,IV,14016099,14019983,-
WBGene00012541,IV,14020198,14024628,+
WBGene00012540,IV,14042595,14043780,-
WBGene00012538,IV,14051200,14056676,+
WBGene00012537,IV,14059551,14060712,-
WBGene00003086,IV,14061005,14069854,-
WBGene00003085,IV,14071503,14076743,+
WBGene00009924,IV,14077441,14083559,+
WBGene00009925,IV,14083318,14084695,+
WBGene00009926,IV,14091254,14096617,+
WBGene00000707,IV,14098325,14099368,-
WBGene00009927,IV,14102095,14103231,-
WBGene00002117,IV,14106584,14107715,+
WBGene00012543,IV,14107721,14116034,-
WBGene00194920,IV,14127477,14127855,-
WBGene00010388,IV,14129391,14131061,+
WBGene00010394,IV,14132070,14134330,+
WBGene00010389,IV,14137363,14140294,+
WBGene00010391,IV,14145665,14148869,+
WBGene00010392,IV,14150331,14153361,-
WBGene00010395,IV,14154511,14154913,+
WBGene00011025,IV,14155270,14158048,-
WBGene00011024,IV,14160354,14162872,-
WBGene00011023,IV,14165776,14168487,+
WBGene00011021,IV,14172481,14173216,+
WBGene00011020,IV,14173642,14176473,-
WBGene00011019,IV,14177200,14178940,+
WBGene00011018,IV,14182377,14192674,+
WBGene00010483,IV,14193430,14195989,+
WBGene00008535,IV,14196440,14198824,+
WBGene00008536,IV,14203427,14205357,+
WBGene00008538,IV,14219871,14224439,+
WBGene00008540,IV,14225918,14228169,-
WBGene00008539,IV,14229336,14230899,-
WBGene00013411,IV,14234341,14239076,-
WBGene00045144,IV,14239765,14241384,-
WBGene00013412,IV,14242798,14244416,-
WBGene00013417,IV,14245439,14250213,-
WBGene00013415,IV,14276466,14285523,+
WBGene00013416,IV,14291901,14319564,+
WBGene00013454,IV,14319834,14321755,-
WBGene00013453,IV,14323244,14325665,-
WBGene00013452,IV,14328995,14334459,-
WBGene00013451,IV,14338057,14339279,+
WBGene00044906,IV,14339968,14342112,+
WBGene00013459,IV,14342660,14343856,-
WBGene00013450,IV,14345435,14350751,-
WBGene00013455,IV,14361255,14368259,+
WBGene00013456,IV,14374114,14379643,+
WBGene00013457,IV,14379953,14383701,-
WBGene00013458,IV,14394138,14400368,+
WBGene00010083,IV,14401114,14412894,-
WBGene00044249,IV,14416489,14417201,-
WBGene00045060,IV,14419711,14422038,-
WBGene00010084,IV,14422268,14423294,-
WBGene00010085,IV,14424693,14425859,+
WBGene00010087,IV,14427695,14428464,+
WBGene00010086,IV,14429574,14430920,-
WBGene00006606,IV,14436367,14444183,-
WBGene00010793,IV,14456900,14464098,+
WBGene00010794,IV,14464517,14469136,+
WBGene00013292,IV,14482334,14486439,+
WBGene00013289,IV,14487086,14505166,-
WBGene00013293,IV,14511884,14512505,-
WBGene00013290,IV,14517022,14519539,-
WBGene00012087,IV,14519759,14520999,+
WBGene00005285,IV,14523868,14525197,+
WBGene00012088,IV,14529018,14530809,+
WBGene00012089,IV,14533518,14535067,-
WBGene00012090,IV,14537163,14538325,+
WBGene00012091,IV,14539762,14542602,-
WBGene00012093,IV,14546933,14549386,-
WBGene00013294,IV,14549827,14551957,-
WBGene00013298,IV,14553598,14554883,-
WBGene00013295,IV,14565330,14567331,+
WBGene00077763,IV,14570160,14572721,-
WBGene00013296,IV,14573499,14574339,-
WBGene00013297,IV,14574819,14576580,+
WBGene00255522,IV,14577004,14577273,-
WBGene00045061,IV,14578262,14578700,-
WBGene00013299,IV,14579242,14581052,-
WBGene00007058,IV,14616603,14623961,+
WBGene00008772,IV,14633099,14634405,+
WBGene00045038,IV,14635126,14636051,+
WBGene00013328,IV,14637751,14641229,+
WBGene00013322,IV,14643025,14653376,-
WBGene00013323,IV,14657081,14658165,+
WBGene00013326,IV,14658319,14675141,+
WBGene00013321,IV,14683043,14687405,+
WBGene00219342,IV,14690937,14691733,+
WBGene00001818,IV,14694032,14699940,-
WBGene00013329,IV,14703209,14704255,-
WBGene00013330,IV,14705536,14706402,-
WBGene00013300,IV,14709586,14714738,+
WBGene00013338,IV,14715800,14720440,+
WBGene00013331,IV,14728534,14745676,+
WBGene00077762,IV,14754089,14754969,-
WBGene00013305,IV,14755775,14756662,-
WBGene00013304,IV,14758362,14760945,-
WBGene00013303,IV,14761818,14765434,-
WBGene00013302,IV,14765629,14766665,-
WBGene00013324,IV,14766773,14767730,-
WBGene00013301,IV,14768155,14769282,+
WBGene00013332,IV,14769441,14770719,+
WBGene00013333,IV,14770654,14771425,-
WBGene00013325,IV,14771419,14773535,-
WBGene00044258,IV,14773598,14774634,-
WBGene00013306,IV,14781837,14782731,+
WBGene00194649,IV,14782644,14783342,+
WBGene00013334,IV,14783341,14784252,-
WBGene00013307,IV,14787168,14790843,+
WBGene00001558,IV,14790818,14792887,-
WBGene00000763,IV,14793119,14796375,-
WBGene00013308,IV,14796417,14797544,-
WBGene00000192,IV,14798149,14799229,+
WBGene00013310,IV,14799311,14801063,+
WBGene00206490,IV,14802547,14802781,+
WBGene00023520,IV,14807189,14809958,+
WBGene00013335,IV,14813141,14816388,-
WBGene00013311,IV,14822540,14825264,-
WBGene00004487,IV,14825679,14826448,+
WBGene00013312,IV,14826449,14829115,-
WBGene00013317,IV,14837112,14853662,+
WBGene00013313,IV,14840310,14843289,-
WBGene00013315,IV,14843362,14845311,+
WBGene00044741,IV,14854003,14854426,+
WBGene00013318,IV,14855331,14861791,-
WBGene00013327,IV,14862447,14869951,+
WBGene00001330,IV,14879490,14900652,+
WBGene00013336,IV,14904994,14909686,-
WBGene00013319,IV,14919610,14920421,+
WBGene00014924,IV,14929721,14931931,+
WBGene00194661,IV,14932972,14933624,+
WBGene00219443,IV,14937510,14937793,+
WBGene00014926,IV,14938896,14941898,+
WBGene00013337,IV,14942286,14945328,-
WBGene00045146,IV,14950652,14954226,+
WBGene00012762,IV,14954206,14958914,-
WBGene00012763,IV,14981609,14996306,+
WBGene00001066,IV,14985543,14986784,-
WBGene00012764,IV,15006247,15007193,+
WBGene00001336,IV,15008503,15013183,-
WBGene00012765,IV,15014042,15025513,+
WBGene00012767,IV,15025710,15037036,+
WBGene00012766,IV,15028358,15029136,-
WBGene00012768,IV,15037321,15039551,+
WBGene00012769,IV,15039619,15049273,+
WBGene00012770,IV,15049411,15053371,-
WBGene00044979,IV,15056131,15057889,+
WBGene00012771,IV,15058294,15058694,+
WBGene00044003,IV,15061929,15065748,-
WBGene00012773,IV,15065866,15068918,-
WBGene00012775,IV,15074692,15088581,+
WBGene00012772,IV,15092881,15098376,-
WBGene00010950,IV,15103629,15106483,+
WBGene00010951,IV,15108775,15110915,+
WBGene00219395,IV,15112931,15113217,-
WBGene00255545,IV,15114624,15114773,+
WBGene00255546,IV,15118690,15120241,+
WBGene00010954,IV,15120519,15122548,+
WBGene00010955,IV,15123182,15124393,+
WBGene00010953,IV,15124931,15126122,-
WBGene00044998,IV,15127491,15127794,-
WBGene00000708,IV,15129666,15131797,-
WBGene00010956,IV,15133835,15133999,-
WBGene00005208,IV,15139101,15140932,-
WBGene00006138,IV,15143773,15147204,-
WBGene00012742,IV,15156655,15158984,+
WBGene00012743,IV,15161157,15164907,-
WBGene00012744,IV,15167800,15175536,-
WBGene00005101,IV,15179922,15182953,+
WBGene00005056,IV,15192299,15203023,-
WBGene00012746,IV,15207593,15209522,+
WBGene00012747,IV,15210123,15215626,-
WBGene00012748,IV,15219686,15220346,-
WBGene00004035,IV,15227883,15234973,-
WBGene00013517,IV,15236251,15243675,+
WBGene00044259,IV,15245955,15246371,+
WBGene00005625,IV,15250152,15252257,-
WBGene00013518,IV,15259879,15269045,+
WBGene00000370,IV,15270160,15275835,-
WBGene00004170,IV,15289901,15291262,-
WBGene00004171,IV,15291907,15293444,+
WBGene00013519,IV,15294340,15295297,+
WBGene00013520,IV,15302421,15309408,+
WBGene00013521,IV,15311234,15311676,-
WBGene00013522,IV,15312247,15313982,+
WBGene00013523,IV,15318552,15319082,-
WBGene00013524,IV,15321579,15322183,+
WBGene00006558,IV,15323893,15325189,+
WBGene00006559,IV,15326939,15328186,-
WBGene00013525,IV,15337078,15339821,+
WBGene00006441,IV,15361555,15368260,+
WBGene00013526,IV,15378460,15381686,+
WBGene00194930,IV,15390902,15391027,-
WBGene00003604,IV,15400284,15407160,+
WBGene00013527,IV,15439190,15441408,-
WBGene00013528,IV,15442960,15444581,-
WBGene00013529,IV,15445368,15453187,-
WBGene00013530,IV,15455137,15471488,-
WBGene00013532,IV,15472809,15473682,+
WBGene00013531,IV,15473660,15477512,+
WBGene00013534,IV,15497567,15510980,+
WBGene00013536,IV,15514537,15521258,-
WBGene00013538,IV,15524094,15528670,-
WBGene00013539,IV,15533167,15539959,-
WBGene00013632,IV,15550854,15554721,-
WBGene00004158,IV,15579086,15580161,+
WBGene00077752,IV,15583935,15586051,+
WBGene00000028,IV,15590697,15591772,+
WBGene00004159,IV,15593960,15595035,-
WBGene00004160,IV,15595570,15596645,+
WBGene00013633,IV,15612768,15617087,-
WBGene00013634,IV,15631517,15633399,+
WBGene00194951,IV,15634739,15634927,+
WBGene00013635,IV,15635762,15635947,+
WBGene00013637,IV,15641215,15643828,+
WBGene00013636,IV,15641476,15641799,-
WBGene00185102,IV,15646031,15646433,-
WBGene00194913,IV,15646992,15647312,+
WBGene00044263,IV,15681381,15681545,-
WBGene00013639,IV,15689201,15722267,+
WBGene00220254,IV,15752484,15752707,+
WBGene00194931,IV,15791146,15791343,+
WBGene00013642,IV,15820059,15825617,+
WBGene00194646,IV,15845998,15846665,-
WBGene00194645,IV,15847396,15848086,+
WBGene00013643,IV,15849875,15852905,+
WBGene00013645,IV,15870643,15872221,+
WBGene00001549,IV,15872933,15882377,+
WBGene00013646,IV,15884222,15888419,+
WBGene00005725,IV,15891707,15894229,-
WBGene00013647,IV,15899935,15901225,-
WBGene00005726,IV,15906582,15910091,+
WBGene00013649,IV,15922727,15926839,-
WBGene00013650,IV,15930581,15931813,+
WBGene00005727,IV,15931822,15933914,-
WBGene00013651,IV,15937112,15941491,-
WBGene00004816,IV,15946784,15947438,+
WBGene00013653,IV,15949725,15950861,-
WBGene00013654,IV,15951909,15954836,+
WBGene00013655,IV,15956571,15962712,-
WBGene00013656,IV,15963124,15964425,+
WBGene00013657,IV,15964640,15965679,+
WBGene00013658,IV,15981575,15983970,-
WBGene00013659,IV,15993454,15994605,-
WBGene00002175,IV,15997858,16026847,-
WBGene00219478,IV,16067170,16067445,-
WBGene00013665,IV,16132464,16134179,+
WBGene00013662,IV,16142544,16147155,-
WBGene00001604,IV,16167785,16170859,-
WBGene00194929,IV,16184157,16184621,-
WBGene00012416,IV,16197048,16201417,+
WBGene00010411,IV,16202374,16205321,+
WBGene00010412,IV,16210723,16211013,-
WBGene00005722,IV,16219652,16221659,-
WBGene00010413,IV,16226047,16227122,+
WBGene00010414,IV,16230452,16233128,-
WBGene00010415,IV,16233148,16236555,+
WBGene00005808,IV,16236732,16238655,-
WBGene00009535,IV,16247431,16251790,+
WBGene00001961,IV,16254764,16256274,+
WBGene00009540,IV,16257668,16259417,+
WBGene00009536,IV,16271263,16273187,+
WBGene00009539,IV,16276647,16277391,-
WBGene00009537,IV,16278202,16279018,+
WBGene00009538,IV,16279634,16280714,-
WBGene00023517,IV,16286655,16287825,-
WBGene00023518,IV,16288113,16289310,-
WBGene00023514,IV,16299151,16300272,+
WBGene00004287,IV,16308225,16309829,+
WBGene00010531,IV,16320139,16320506,-
WBGene00010530,IV,16321166,16323195,+
WBGene00043052,IV,16323673,16324973,+
WBGene00044587,IV,16325172,16326601,+
WBGene00010528,IV,16328135,16328614,-
WBGene00010527,IV,16329459,16331059,+
WBGene00023513,IV,16332885,16334461,+
WBGene00023508,IV,16335337,16336503,+
WBGene00045101,IV,16337021,16338502,+
WBGene00005436,IV,16339665,16341374,+
WBGene00005435,IV,16342490,16344199,-
WBGene00007960,IV,16347168,16347430,+
WBGene00007961,IV,16350990,16351601,+
WBGene00012420,IV,16381378,16382235,-
WBGene00185101,IV,16393968,16394646,+
WBGene00013418,IV,16398839,16399875,-
WBGene00013419,IV,16412020,16416808,+
WBGene00012423,IV,16424637,16429895,+
WBGene00012424,IV,16432231,16437953,+
WBGene00012425,IV,16443263,16446683,+
WBGene00012159,IV,16469580,16470881,-
WBGene00013098,IV,16474044,16477192,-
WBGene00219244,IV,16481233,16481735,+
WBGene00004357,IV,16482784,16489021,-
WBGene00013099,IV,16493428,16494510,-
WBGene00013100,IV,16503249,16505682,-
WBGene00194647,IV,16506581,16507232,-
WBGene00013101,IV,16522529,16526132,-
WBGene00194927,IV,16528684,16528870,+
WBGene00013102,IV,16533661,16533962,+
WBGene00013103,IV,16535730,16542894,-
WBGene00013104,IV,16575102,16578549,-
WBGene00000710,IV,16601480,16602776,-
WBGene00013105,IV,16626228,16626458,+
WBGene00013120,IV,16627976,16628441,+
WBGene00194924,IV,16629366,16629636,+
WBGene00045178,IV,16630922,16631206,+
WBGene00013107,IV,16641702,16646373,-
WBGene00013106,IV,16646791,16655883,-
WBGene00013109,IV,16656613,16657359,+
WBGene00013111,IV,16664320,16671467,+
WBGene00013115,IV,16685038,16685687,-
WBGene00255553,IV,16693505,16694667,-
WBGene00013116,IV,16720715,16722736,+
WBGene00013117,IV,16722916,16723892,+
WBGene00013119,IV,16736329,16743178,+
WBGene00013118,IV,16737177,16739778,-
WBGene00012787,IV,16743830,16744197,+
WBGene00012788,IV,16744866,16755720,-
WBGene00012789,IV,16766598,16768320,-
WBGene00012790,IV,16768522,16769786,+
WBGene00012791,IV,16775827,16785172,+
WBGene00012792,IV,16787327,16788510,+
WBGene00013774,IV,16805027,16806460,-
WBGene00013773,IV,16813368,16813924,-
WBGene00013775,IV,16822869,16824493,+
WBGene00013776,IV,16826324,16828020,-
WBGene00013777,IV,16830208,16830790,+
WBGene00013778,IV,16831666,16832984,+
WBGene00219241,IV,16842656,16842942,-
WBGene00003130,IV,16847829,16854943,-
WBGene00020284,IV,16855044,16863443,-
WBGene00020287,IV,16862396,16865479,+
WBGene00020286,IV,16865838,16866504,+
WBGene00235300,IV,16867494,16867889,+
WBGene00219547,IV,16868812,16869000,-
WBGene00020285,IV,16895739,16895961,+
WBGene00013784,IV,16916051,16917511,+
WBGene00235305,IV,16917784,16918444,-
WBGene00235304,IV,16918379,16918501,+
WBGene00255611,IV,16919151,16919312,-
WBGene00194672,IV,16919725,16919886,+
WBGene00013785,IV,16920341,16924071,+
WBGene00013786,IV,16924392,16927162,+
WBGene00045128,IV,16930837,16931177,-
WBGene00013790,IV,16934266,16939111,-
WBGene00013789,IV,16939804,16946910,-
WBGene00000184,IV,16947120,16949734,+
WBGene00013792,IV,16950065,16962868,+
WBGene00004402,IV,16965284,16970490,-
WBGene00013791,IV,16988828,16989771,+
WBGene00004403,IV,16995777,17014953,+
WBGene00013794,IV,17024318,17025132,-
WBGene00013795,IV,17028931,17030594,-
WBGene00013796,IV,17038923,17039667,-
WBGene00013797,IV,17040913,17041523,+
WBGene00013798,IV,17044739,17045791,-
WBGene00013799,IV,17046470,17048357,-
WBGene00013800,IV,17053594,17055513,+
WBGene00013815,IV,17057912,17058136,-
WBGene00219332,IV,17059283,17063800,-
WBGene00194957,IV,17065382,17065761,+
WBGene00013801,IV,17068795,17070903,-
WBGene00013802,IV,17074190,17078750,-
WBGene00013803,IV,17079606,17087438,-
WBGene00004914,IV,17088058,17088834,+
WBGene00013814,IV,17088851,17090646,+
WBGene00013804,IV,17090630,17096286,-
WBGene00013806,IV,17094031,17095311,+
WBGene00013805,IV,17096386,17100246,-
WBGene00013807,IV,17100225,17103715,-
WBGene00013808,IV,17104179,17110982,-
WBGene00000889,IV,17111082,17116666,-
WBGene00013809,IV,17112117,17115465,+
WBGene00006698,IV,17116763,17118760,-
WBGene00006405,IV,17119684,17126266,+
WBGene00013810,IV,17130066,17131075,-
WBGene00013811,IV,17131545,17133657,+
WBGene00013812,IV,17144355,17150971,-
WBGene00004819,IV,17162024,17162634,-
WBGene00004815,IV,17163554,17164226,+
WBGene00004814,IV,17165191,17165855,-
WBGene00004818,IV,17167253,17168051,+
WBGene00016877,IV,17176477,17189805,+
WBGene00000711,IV,17182798,17183740,-
WBGene00001460,IV,17190177,17191891,-
WBGene00016879,IV,17197905,17206845,-
WBGene00013779,IV,17216333,17217368,+
WBGene00013781,IV,17223774,17225019,+
WBGene00013782,IV,17226014,17231056,-
WBGene00013996,IV,17245584,17249750,+
WBGene00013997,IV,17250131,17254964,+
WBGene00013998,IV,17255301,17257562,+
WBGene00013999,IV,17257504,17259410,-
WBGene00014000,IV,17260307,17262485,-
WBGene00044244,IV,17264297,17264814,-
WBGene00006229,IV,17265579,17266926,+
WBGene00000224,IV,17269342,17272183,+
WBGene00001606,IV,17272231,17273652,-
WBGene00009155,IV,17275581,17276864,+
WBGene00009156,IV,17276956,17277748,+
WBGene00002005,IV,17278959,17281330,+
WBGene00012128,IV,17281456,17284199,-
WBGene00044067,IV,17285733,17287454,-
WBGene00012130,IV,17288171,17291733,-
WBGene00012131,IV,17294793,17300629,+
WBGene00012132,IV,17300809,17302033,-
WBGene00012134,IV,17305115,17307414,-
WBGene00012135,IV,17308525,17311695,+
WBGene00004908,IV,17312141,17315462,+
WBGene00185097,IV,17316155,17316510,-
WBGene00008194,IV,17320795,17328662,+
WBGene00008195,IV,17329192,17330737,+
WBGene00008196,IV,17331527,17332447,+
WBGene00008197,IV,17332573,17333645,+
WBGene00008204,IV,17334193,17335094,+
WBGene00008198,IV,17335203,17336681,+
WBGene00008200,IV,17336800,17338984,-
WBGene00008199,IV,17339640,17342314,-
WBGene00189993,IV,17343051,17343493,+
WBGene00008201,IV,17343782,17344805,+
WBGene00008202,IV,17345568,17346695,-
WBGene00008203,IV,17347168,17351076,+
WBGene00007820,IV,17351886,17357895,+
WBGene00007822,IV,17361443,17364583,+
WBGene00006487,IV,17364791,17366491,-
WBGene00007827,IV,17368592,17370618,+
WBGene00007823,IV,17371769,17375638,+
WBGene00001811,IV,17376427,17379317,+
WBGene00007826,IV,17379247,17380188,-
WBGene00007824,IV,17380626,17382225,+
WBGene00007825,IV,17382298,17383087,+
WBGene00044238,IV,17383370,17386783,+
WBGene00011374,IV,17386763,17387492,-
WBGene00005678,IV,17396210,17397491,+
WBGene00011371,IV,17399776,17402336,+
WBGene00004061,IV,17402463,17405630,-
WBGene00011373,IV,17406901,17407125,-
WBGene00138714,IV,17407316,17407591,-
WBGene00011372,IV,17408231,17417794,-
WBGene00007357,IV,17427717,17429602,+
WBGene00007358,IV,17429637,17431968,-
WBGene00001550,IV,17432977,17436652,-
WBGene00007359,IV,17437338,17438155,+
WBGene00255702,IV,17439643,17439951,-
WBGene00045013,IV,17440642,17442125,+
WBGene00023501,IV,17442827,17443738,+
WBGene00008711,IV,17444125,17450543,-
WBGene00008710,IV,17457834,17461272,-
WBGene00008713,IV,17461909,17463158,-
WBGene00008709,IV,17464451,17465986,-
WBGene00001240,IV,17466060,17467408,-
WBGene00008708,IV,17469347,17470387,-
WBGene00008707,IV,17470510,17472025,-
WBGene00008706,IV,17473334,17479397,+
WBGene00008712,IV,17474243,17475382,-
WBGene00001733,IV,17475417,17475838,-
WBGene00007067,IV,17480396,17483332,-
WBGene00003525,IV,17486871,17490779,-
WBGene00007063,II,1848,4717,+
WBGene00015287,II,6664,9486,+
WBGene00015288,II,9485,11846,-
WBGene00015286,II,12985,16001,+
WBGene00015285,II,19538,22169,+
WBGene00005017,II,23328,24458,+
WBGene00015291,II,24666,25446,+
WBGene00017745,II,25382,28423,-
WBGene00017746,II,30061,31584,-
WBGene00017744,II,31768,33610,+
WBGene00017743,II,34204,35262,+
WBGene00017747,II,35202,37313,-
WBGene00017748,II,38558,39537,-
WBGene00017750,II,41471,41982,-
WBGene00004504,II,42181,46216,-
WBGene00017742,II,43854,44981,+
WBGene00017749,II,45040,47479,+
WBGene00016021,II,47580,50303,+
WBGene00016020,II,51072,57576,+
WBGene00006611,II,53013,55304,-
WBGene00016019,II,57670,60040,+
WBGene00016018,II,61302,64340,+
WBGene00001193,II,69654,71279,+
WBGene00016022,II,71672,79266,-
WBGene00016809,II,84434,87823,+
WBGene00016812,II,88221,91519,-
WBGene00016810,II,92169,95277,-
WBGene00016811,II,96127,98027,-
WBGene00016808,II,98404,98961,+
WBGene00044420,II,99647,101061,+
WBGene00000644,II,104534,105833,+
WBGene00016807,II,106189,107521,+
WBGene00016806,II,109165,111429,+
WBGene00016805,II,111621,114454,+
WBGene00019615,II,114429,121222,-
WBGene00019614,II,117216,118691,+
WBGene00019616,II,123270,125004,-
WBGene00005081,II,126938,128706,-
WBGene00000857,II,130983,133598,-
WBGene00019613,II,135466,139999,+
WBGene00020798,II,147241,152825,+
WBGene00020797,II,152525,154936,+
WBGene00020796,II,154875,156043,-
WBGene00001340,II,162374,170628,+
WBGene00044428,II,171386,173779,-
WBGene00020148,II,174401,175642,-
WBGene00020149,II,176997,179093,-
WBGene00044641,II,179261,192078,+
WBGene00020150,II,187371,189202,-
WBGene00000034,II,192531,194558,-
WBGene00000497,II,196985,211941,+
WBGene00018585,II,213169,216621,-
WBGene00018586,II,217049,220667,-
WBGene00021545,II,222700,232739,-
WBGene00021546,II,232852,237821,-
WBGene00004166,II,240722,255182,-
WBGene00000296,II,257819,261063,+
WBGene00044640,II,264353,266077,+
WBGene00015188,II,266301,273966,-
WBGene00015189,II,276212,278736,-
WBGene00015194,II,278621,282576,-
WBGene00015190,II,282576,283694,-
WBGene00015191,II,283887,286275,-
WBGene00015186,II,286625,288850,+
WBGene00015185,II,288939,290391,+
WBGene00015184,II,290582,291861,+
WBGene00015192,II,293864,294706,-
WBGene00015193,II,296291,297010,-
WBGene00015183,II,297399,299735,+
WBGene00019281,II,299984,300767,+
WBGene00019280,II,302405,303659,+
WBGene00000645,II,303924,305530,-
WBGene00019279,II,307545,313969,+
WBGene00019282,II,309479,312210,-
WBGene00019283,II,315890,316907,-
WBGene00086561,II,317648,318665,-
WBGene00001391,II,319785,321445,+
WBGene00019284,II,321442,323098,-
WBGene00019277,II,326262,328224,+
WBGene00019285,II,328564,332513,-
WBGene00000778,II,337339,339248,+
WBGene00017036,II,340539,341803,+
WBGene00017037,II,341982,347891,-
WBGene00017038,II,348266,357024,-
WBGene00004218,II,362495,367555,-
WBGene00015406,II,375250,375835,+
WBGene00206366,II,378651,380361,+
WBGene00015409,II,380573,382257,+
WBGene00015407,II,382309,385358,-
WBGene00015405,II,386134,387949,+
WBGene00015404,II,388833,392732,+
WBGene00015408,II,396644,399421,-
WBGene00015403,II,402580,404235,+
WBGene00016074,II,406141,410961,-
WBGene00016073,II,411222,416620,+
WBGene00016075,II,417349,418882,-
WBGene00016077,II,422319,423142,-
WBGene00235333,II,429219,429836,+
WBGene00016072,II,436867,438748,+
WBGene00016071,II,441402,443674,+
WBGene00021129,II,455146,456138,+
WBGene00185079,II,456113,457886,-
WBGene00021131,II,458766,460325,-
WBGene00021132,II,461667,467365,-
WBGene00021133,II,468374,470475,-
WBGene00021073,II,471247,475940,-
WBGene00021076,II,476222,478063,+
WBGene00021074,II,480722,484386,-
WBGene00004188,II,484866,490403,+
WBGene00021075,II,495424,498659,+
WBGene00005324,II,503229,506014,-
WBGene00005512,II,508245,509326,-
WBGene00003106,II,516014,521605,+
WBGene00020837,II,522594,525983,+
WBGene00020836,II,526574,530374,+
WBGene00020834,II,530848,536860,-
WBGene00020835,II,535578,546944,+
WBGene00015646,II,546705,552031,+
WBGene00015645,II,553086,554789,+
WBGene00015644,II,556485,564215,+
WBGene00021094,II,567666,568876,-
WBGene00021095,II,569236,572110,-
WBGene00021096,II,574872,577732,-
WBGene00021097,II,577839,580593,-
WBGene00021093,II,580602,582014,+
WBGene00021098,II,582111,582862,-
WBGene00021101,II,582111,584403,-
WBGene00044733,II,584798,586241,+
WBGene00021092,II,587910,588926,+
WBGene00021099,II,590578,591210,-
WBGene00021091,II,593521,593860,+
WBGene00003599,II,595207,602120,-
WBGene00021031,II,605584,605995,+
WBGene00206416,II,606350,606735,+
WBGene00206417,II,607852,608310,-
WBGene00021030,II,609071,609332,+
WBGene00021032,II,609769,612461,-
WBGene00020207,II,614767,624543,-
WBGene00020205,II,627506,628662,+
WBGene00020203,II,634284,637303,+
WBGene00019497,II,637346,639488,-
WBGene00019498,II,641010,650367,-
WBGene00019496,II,650964,654062,+
WBGene00019495,II,658669,659867,+
WBGene00005557,II,660091,661796,-
WBGene00005558,II,669506,671125,-
WBGene00206368,II,674416,674935,+
WBGene00021457,II,675603,678347,+
WBGene00020179,II,679025,679714,+
WBGene00020180,II,679777,680712,-
WBGene00020178,II,680832,681516,+
WBGene00020177,II,682626,683320,+
WBGene00020176,II,683767,684116,+
WBGene00020175,II,685234,689014,+
WBGene00020174,II,690049,691084,+
WBGene00020173,II,691881,693456,+
WBGene00020181,II,700482,701125,-
WBGene00020172,II,702107,708608,+
WBGene00020171,II,709381,723699,+
WBGene00021456,II,723788,732513,+
WBGene00015615,II,739598,740852,-
WBGene00004926,II,745418,750164,-
WBGene00044418,II,756195,765317,-
WBGene00015618,II,770553,772117,+
WBGene00021452,II,775333,776780,+
WBGene00021454,II,781884,783001,-
WBGene00269332,II,783095,783632,-
WBGene00018507,II,787312,787994,+
WBGene00018506,II,788378,789175,+
WBGene00018493,II,790758,791636,-
WBGene00018505,II,800000,801454,+
WBGene00018504,II,803309,803717,+
WBGene00018502,II,808757,811887,+
WBGene00018496,II,812141,813708,-
WBGene00018497,II,814452,814866,-
WBGene00018498,II,818578,820683,-
WBGene00018499,II,821408,821614,-
WBGene00018500,II,822449,822860,-
WBGene00018501,II,823829,825245,+
WBGene00017869,II,825848,827500,+
WBGene00017876,II,837719,838470,-
WBGene00017871,II,840567,841113,+
WBGene00017872,II,844274,845085,+
WBGene00017875,II,845288,845686,-
WBGene00017874,II,846864,848603,-
WBGene00017873,II,849678,850654,-
WBGene00021577,II,851656,856210,-
WBGene00021578,II,862927,866901,-
WBGene00021576,II,868814,871699,+
WBGene00000106,II,873176,879001,+
WBGene00020307,II,881576,890710,+
WBGene00020311,II,898043,901164,-
WBGene00020305,II,901932,903476,+
WBGene00019927,II,907535,909631,-
WBGene00019926,II,909884,911592,+
WBGene00019925,II,912003,913030,+
WBGene00019924,II,913680,915219,+
WBGene00019923,II,916051,917464,+
WBGene00045302,II,917624,919417,+
WBGene00019928,II,920859,922702,-
WBGene00019922,II,923821,925192,+
WBGene00019929,II,926496,927431,-
WBGene00019921,II,931171,932327,+
WBGene00019920,II,933018,936989,+
WBGene00019919,II,938849,940683,+
WBGene00019918,II,940983,943162,+
WBGene00019917,II,944066,946157,+
WBGene00016303,II,946485,948191,-
WBGene00016302,II,954953,956337,+
WBGene00016309,II,958918,960179,+
WBGene00016300,II,960528,964260,+
WBGene00235351,II,960533,960857,+
WBGene00016306,II,961352,962121,-
WBGene00016307,II,965576,967062,-
WBGene00016299,II,968406,970523,+
WBGene00016308,II,970645,972950,-
WBGene00016298,II,974290,975511,+
WBGene00044419,II,976208,978951,-
WBGene00016297,II,979423,980825,+
WBGene00005479,II,983142,984620,+
WBGene00016295,II,986003,988666,+
WBGene00018456,II,988737,991074,+
WBGene00018455,II,991600,993638,+
WBGene00043327,II,994531,995371,+
WBGene00043328,II,995288,996212,-
WBGene00018457,II,999162,999607,-
WBGene00018458,II,1000437,1001449,-
WBGene00018452,II,1001703,1002437,+
WBGene00018459,II,1004616,1006475,-
WBGene00018460,II,1010444,1012282,-
WBGene00018461,II,1016262,1018100,-
WBGene00019700,II,1023693,1024784,-
WBGene00269373,II,1026028,1027725,+
WBGene00019699,II,1028987,1033664,+
WBGene00019702,II,1039697,1040564,-
WBGene00019703,II,1041321,1042327,-
WBGene00019705,II,1042969,1044025,-
WBGene00006195,II,1046505,1048276,+
WBGene00019704,II,1048863,1049949,-
WBGene00019312,II,1055024,1055760,+
WBGene00019313,II,1059664,1060802,-
WBGene00019314,II,1065566,1066998,-
WBGene00019316,II,1070640,1071490,+
WBGene00019309,II,1072406,1074012,+
WBGene00019315,II,1074751,1075505,-
WBGene00019306,II,1083159,1083929,+
WBGene00004902,II,1092006,1097899,+
WBGene00020471,II,1097926,1100819,-
WBGene00020476,II,1101371,1104509,-
WBGene00000617,II,1104945,1106925,-
WBGene00020472,II,1108841,1110992,-
WBGene00020473,II,1112189,1114226,-
WBGene00020474,II,1115641,1118033,-
WBGene00020475,II,1121018,1123259,-
WBGene00021103,II,1123534,1127791,+
WBGene00006387,II,1127976,1132352,+
WBGene00021104,II,1132302,1134240,-
WBGene00004076,II,1136781,1152701,+
WBGene00021105,II,1139277,1142360,-
WBGene00020740,II,1163575,1165488,+
WBGene00020741,II,1169546,1172130,-
WBGene00003545,II,1175976,1179323,-
WBGene00018734,II,1197374,1230782,+
WBGene00018572,II,1233236,1252359,-
WBGene00018575,II,1255937,1258353,+
WBGene00023410,II,1259365,1262998,+
WBGene00018573,II,1262987,1266890,-
WBGene00005813,II,1269540,1271914,-
WBGene00021968,II,1273169,1275539,-
WBGene00021974,II,1275752,1276872,-
WBGene00023499,II,1278650,1281039,+
WBGene00021969,II,1281974,1285614,-
WBGene00021967,II,1285797,1286371,+
WBGene00021970,II,1288735,1293257,-
WBGene00021966,II,1296078,1296746,+
WBGene00021965,II,1298469,1299716,+
WBGene00021972,II,1300064,1301641,-
WBGene00021973,II,1302497,1306136,-
WBGene00000112,II,1306240,1310133,-
WBGene00018974,II,1310518,1320437,+
WBGene00006924,II,1321037,1323170,+
WBGene00002176,II,1326995,1350136,+
WBGene00015728,II,1350720,1355641,-
WBGene00015729,II,1357177,1358005,-
WBGene00018817,II,1368090,1368299,-
WBGene00018819,II,1368103,1374988,-
WBGene00044424,II,1377628,1378359,-
WBGene00018822,II,1380944,1381713,-
WBGene00018820,II,1381807,1385380,-
WBGene00000008,II,1386888,1391567,+
WBGene00044425,II,1393488,1394105,-
WBGene00018821,II,1395004,1398038,-
WBGene00018816,II,1398761,1400030,+
WBGene00018815,II,1400405,1401371,+
WBGene00021786,II,1401774,1402134,+
WBGene00021785,II,1402569,1403215,+
WBGene00021784,II,1403321,1409118,+
WBGene00021787,II,1409184,1411472,-
WBGene00021783,II,1412409,1420150,+
WBGene00021788,II,1420422,1423668,-
WBGene00021789,II,1425758,1437499,-
WBGene00021781,II,1438490,1439697,+
WBGene00021790,II,1440066,1446746,-
WBGene00021780,II,1445225,1446108,+
WBGene00044439,II,1459140,1461307,-
WBGene00021791,II,1463268,1466546,-
WBGene00021779,II,1467727,1469604,+
WBGene00000646,II,1470565,1472260,+
WBGene00044643,II,1472625,1473581,-
WBGene00019209,II,1489930,1500330,-
WBGene00019207,II,1504566,1509831,+
WBGene00021772,II,1510288,1517454,-
WBGene00044645,II,1519222,1520328,+
WBGene00021778,II,1523565,1525598,-
WBGene00021776,II,1529359,1535208,+
WBGene00021774,II,1536231,1537275,+
WBGene00021773,II,1537621,1538666,+
WBGene00019416,II,1538891,1539901,+
WBGene00044697,II,1540928,1542718,+
WBGene00019415,II,1543482,1545415,+
WBGene00045486,II,1545925,1546991,+
WBGene00019417,II,1548966,1550631,-
WBGene00019414,II,1550712,1551804,+
WBGene00019418,II,1555257,1556335,-
WBGene00019413,II,1556444,1557478,+
WBGene00219239,II,1562163,1562875,+
WBGene00019419,II,1567324,1567746,-
WBGene00019412,II,1568520,1569563,+
WBGene00019420,II,1570065,1571134,-
WBGene00019421,II,1574557,1576115,-
WBGene00020326,II,1577471,1579986,-
WBGene00219321,II,1581194,1582440,-
WBGene00020327,II,1582876,1584240,-
WBGene00194704,II,1586605,1587329,+
WBGene00044429,II,1588542,1589945,-
WBGene00020328,II,1593480,1595237,-
WBGene00020325,II,1598029,1599488,+
WBGene00020329,II,1599471,1600714,-
WBGene00006464,II,1601789,1604618,+
WBGene00015595,II,1604666,1606143,-
WBGene00015598,II,1609256,1610715,-
WBGene00015599,II,1612788,1614059,-
WBGene00015600,II,1614793,1616463,-
WBGene00015601,II,1616912,1619004,-
WBGene00015602,II,1619894,1621261,-
WBGene00015604,II,1623907,1624672,-
WBGene00044415,II,1625966,1626883,+
WBGene00044416,II,1627479,1627883,-
WBGene00015605,II,1631995,1633850,-
WBGene00015593,II,1633806,1634089,+
WBGene00005177,II,1636692,1638967,+
WBGene00005293,II,1639213,1640596,-
WBGene00022556,II,1644249,1644814,-
WBGene00194714,II,1645410,1646299,-
WBGene00022558,II,1647908,1648865,-
WBGene00022559,II,1649138,1650197,-
WBGene00022560,II,1650819,1651580,-
WBGene00022557,II,1652510,1653497,-
WBGene00022561,II,1653775,1654732,-
WBGene00022555,II,1655217,1656148,+
WBGene00022562,II,1656263,1657302,-
WBGene00022563,II,1660474,1660988,-
WBGene00022564,II,1661806,1662949,-
WBGene00022554,II,1663699,1665764,+
WBGene00022553,II,1666325,1667482,+
WBGene00005844,II,1667522,1669013,-
WBGene00003734,II,1670833,1674337,+
WBGene00019037,II,1676388,1677439,+
WBGene00019038,II,1677449,1679252,-
WBGene00019036,II,1679381,1682134,+
WBGene00019035,II,1682518,1683655,+
WBGene00019034,II,1684048,1685091,+
WBGene00019039,II,1686834,1687795,-
WBGene00019040,II,1688235,1689172,-
WBGene00019041,II,1689696,1691077,-
WBGene00019042,II,1691557,1692907,-
WBGene00019043,II,1693296,1694615,-
WBGene00019044,II,1694815,1695827,-
WBGene00019045,II,1702384,1703463,-
WBGene00018442,II,1704904,1706476,-
WBGene00018441,II,1706709,1707720,+
WBGene00018440,II,1708432,1709696,+
WBGene00018439,II,1710259,1711417,+
WBGene00018443,II,1713238,1714397,+
WBGene00018438,II,1715162,1716497,+
WBGene00018444,II,1718175,1719253,-
WBGene00018445,II,1721323,1722423,-
WBGene00018437,II,1722770,1724186,+
WBGene00018436,II,1724614,1725692,+
WBGene00269388,II,1726141,1727106,+
WBGene00018435,II,1728506,1730065,+
WBGene00018434,II,1730403,1732046,+
WBGene00018433,II,1732276,1733291,+
WBGene00018446,II,1733718,1736533,-
WBGene00018447,II,1736866,1738944,-
WBGene00018432,II,1739076,1741013,+
WBGene00019502,II,1741548,1742189,+
WBGene00206518,II,1742835,1743792,+
WBGene00018105,II,1744483,1745859,+
WBGene00206519,II,1748378,1749943,-
WBGene00018106,II,1749825,1750686,-
WBGene00018107,II,1752749,1753090,-
WBGene00270293,II,1755693,1756164,-
WBGene00018108,II,1756820,1757761,+
WBGene00018104,II,1758326,1760667,+
WBGene00018103,II,1761839,1762906,+
WBGene00018102,II,1763372,1766555,+
WBGene00018101,II,1767802,1777394,+
WBGene00018100,II,1771647,1774955,+
WBGene00015608,II,1772085,1778526,+
WBGene00219271,II,1775547,1776350,+
WBGene00015609,II,1778772,1782409,-
WBGene00044417,II,1783451,1784481,-
WBGene00015613,II,1785270,1786309,-
WBGene00015610,II,1787222,1788187,-
WBGene00015607,II,1789181,1790217,+
WBGene00015606,II,1797852,1801377,+
WBGene00269389,II,1805711,1806458,-
WBGene00015611,II,1807407,1808317,-
WBGene00020362,II,1817281,1818400,-
WBGene00020363,II,1818889,1820094,-
WBGene00020361,II,1821026,1823034,+
WBGene00020360,II,1824629,1830195,+
WBGene00020359,II,1830632,1831789,+
WBGene00020358,II,1832343,1833518,+
WBGene00020364,II,1833627,1835783,-
WBGene00020357,II,1836504,1840292,+
WBGene00016884,II,1840975,1842942,-
WBGene00016883,II,1843165,1846234,+
WBGene00016885,II,1846990,1848154,-
WBGene00016886,II,1849430,1850403,-
WBGene00016882,II,1851244,1852657,+
WBGene00016881,II,1852803,1853092,+
WBGene00016880,II,1854394,1855360,+
WBGene00194998,II,1860646,1861335,-
WBGene00015830,II,1862634,1863782,+
WBGene00044359,II,1864578,1864884,+
WBGene00015829,II,1866386,1867894,+
WBGene00015828,II,1869410,1870803,+
WBGene00015839,II,1871548,1873261,+
WBGene00015827,II,1875958,1877237,+
WBGene00015832,II,1877579,1878763,-
WBGene00015833,II,1879590,1880708,-
WBGene00015834,II,1881611,1882805,-
WBGene00015835,II,1883596,1884735,-
WBGene00015836,II,1885439,1886479,-
WBGene00015837,II,1887209,1889171,-
WBGene00015838,II,1889909,1890782,-
WBGene00015825,II,1894212,1894438,+
WBGene00016720,II,1896062,1897758,+
WBGene00016719,II,1900238,1901921,+
WBGene00016718,II,1902281,1904446,+
WBGene00016717,II,1905429,1907775,+
WBGene00018663,II,1912450,1912841,-
WBGene00018665,II,1916713,1917958,-
WBGene00018667,II,1919926,1921111,-
WBGene00018668,II,1921452,1922744,-
WBGene00018661,II,1923140,1923827,+
WBGene00018660,II,1924759,1925752,+
WBGene00018659,II,1926462,1927347,+
WBGene00018669,II,1929149,1930086,-
WBGene00018670,II,1930190,1930747,-
WBGene00018671,II,1930991,1934507,-
WBGene00235352,II,1937063,1940147,-
WBGene00235354,II,1944058,1945168,-
WBGene00022689,II,1945518,1946517,-
WBGene00022685,II,1948693,1949894,+
WBGene00022690,II,1953680,1955668,-
WBGene00022691,II,1956050,1958255,-
WBGene00022692,II,1963063,1967936,-
WBGene00021194,II,1979245,1984118,-
WBGene00021193,II,1987285,1990667,+
WBGene00016556,II,1994047,1995701,+
WBGene00016555,II,1996537,1998531,+
WBGene00016554,II,1998861,1999621,+
WBGene00016557,II,1999743,2000820,-
WBGene00019136,II,2003377,2008250,+
WBGene00269394,II,2012998,2013386,+
WBGene00019133,II,2019654,2022441,+
WBGene00000864,II,2022673,2023614,-
WBGene00019138,II,2025642,2026610,-
WBGene00019139,II,2027612,2028812,-
WBGene00019140,II,2029232,2030467,-
WBGene00019141,II,2030750,2031952,-
WBGene00019142,II,2032569,2033243,+
WBGene00206415,II,2033586,2034812,+
WBGene00019132,II,2035702,2039388,-
WBGene00015012,II,2040368,2041629,-
WBGene00015014,II,2044619,2045601,-
WBGene00015015,II,2045963,2046656,-
WBGene00017209,II,2050023,2051679,-
WBGene00017208,II,2051669,2052745,+
WBGene00017210,II,2053919,2059072,-
WBGene00017211,II,2059869,2064018,-
WBGene00017207,II,2064462,2065870,+
WBGene00219315,II,2068354,2068971,+
WBGene00017212,II,2070593,2071516,-
WBGene00017213,II,2072221,2075830,-
WBGene00017214,II,2076291,2080526,-
WBGene00020535,II,2081557,2082016,+
WBGene00020536,II,2083595,2083826,-
WBGene00020534,II,2084129,2084891,+
WBGene00004149,II,2086719,2090618,-
WBGene00269431,II,2091772,2092111,-
WBGene00020537,II,2092681,2093876,-
WBGene00020533,II,2095304,2098671,+
WBGene00020532,II,2098871,2104149,+
WBGene00020076,II,2107197,2108395,-
WBGene00020077,II,2108787,2110043,-
WBGene00020078,II,2111227,2113048,-
WBGene00005408,II,2114554,2116894,-
WBGene00020080,II,2117276,2122181,-
WBGene00020073,II,2131070,2132475,+
WBGene00016548,II,2133666,2135704,-
WBGene00016547,II,2137422,2138951,+
WBGene00016546,II,2141118,2142957,+
WBGene00016549,II,2144292,2145666,-
WBGene00016545,II,2146950,2148775,+
WBGene00016550,II,2148732,2150363,-
WBGene00016551,II,2150552,2151290,-
WBGene00016544,II,2154008,2155220,+
WBGene00044360,II,2163341,2163832,-
WBGene00016336,II,2165440,2166498,-
WBGene00016337,II,2167756,2168759,-
WBGene00219322,II,2169062,2169511,-
WBGene00016339,II,2174586,2175289,-
WBGene00016335,II,2176741,2181990,+
WBGene00016340,II,2182503,2186434,-
WBGene00016341,II,2187149,2189457,-
WBGene00016342,II,2192339,2194114,-
WBGene00016334,II,2197846,2198675,+
WBGene00021985,II,2199143,2204139,-
WBGene00021984,II,2208112,2212863,+
WBGene00021986,II,2215476,2219921,-
WBGene00018783,II,2220464,2223567,-
WBGene00018784,II,2224359,2225708,-
WBGene00018785,II,2225817,2232470,-
WBGene00018782,II,2233540,2243539,+
WBGene00018781,II,2243642,2254323,+
WBGene00019586,II,2255172,2261101,+
WBGene00019587,II,2262128,2265768,-
WBGene00019588,II,2272062,2273384,-
WBGene00019589,II,2274876,2279146,-
WBGene00044361,II,2280046,2280580,+
WBGene00019592,II,2280678,2283395,-
WBGene00019593,II,2287030,2290226,-
WBGene00235164,II,2289560,2290301,+
WBGene00019590,II,2290896,2292184,-
WBGene00019591,II,2294693,2296265,-
WBGene00015111,II,2297847,2298793,-
WBGene00015112,II,2299854,2300946,-
WBGene00015113,II,2301308,2302229,-
WBGene00015110,II,2307041,2308361,+
WBGene00015114,II,2311490,2312847,-
WBGene00015108,II,2313067,2314927,+
WBGene00022869,II,2315084,2315622,+
WBGene00022870,II,2316163,2317877,-
WBGene00022873,II,2318189,2320134,+
WBGene00022868,II,2320153,2321951,+
WBGene00022871,II,2322367,2322907,-
WBGene00022867,II,2323376,2325215,+
WBGene00206413,II,2325256,2326245,+
WBGene00022872,II,2326995,2329053,-
WBGene00022866,II,2329355,2331792,+
WBGene00018385,II,2332520,2334338,+
WBGene00018384,II,2335933,2337696,+
WBGene00018386,II,2337897,2340746,-
WBGene00018383,II,2342433,2343925,+
WBGene00018381,II,2347015,2350030,+
WBGene00018387,II,2350216,2351657,-
WBGene00018380,II,2353312,2354373,+
WBGene00018379,II,2354776,2355972,+
WBGene00018378,II,2357095,2358278,+
WBGene00018388,II,2358801,2363773,-
WBGene00018389,II,2365573,2366720,-
WBGene00017520,II,2367528,2368708,+
WBGene00017519,II,2369256,2370089,+
WBGene00017518,II,2372390,2374340,+
WBGene00017517,II,2375273,2376411,+
WBGene00017521,II,2377199,2377851,-
WBGene00017522,II,2379579,2380274,-
WBGene00017523,II,2381949,2383434,-
WBGene00017524,II,2384186,2385595,-
WBGene00017525,II,2389582,2390994,-
WBGene00017526,II,2391645,2393921,-
WBGene00017527,II,2394916,2395964,-
WBGene00017528,II,2397334,2398984,-
WBGene00017516,II,2404284,2404659,+
WBGene00018353,II,2409643,2412741,-
WBGene00044672,II,2414119,2415531,-
WBGene00018354,II,2416101,2417971,-
WBGene00044362,II,2418448,2419025,+
WBGene00018352,II,2419472,2420794,+
WBGene00018351,II,2422207,2425837,+
WBGene00018355,II,2426372,2429944,-
WBGene00006882,II,2443279,2451130,+
WBGene00004129,II,2452970,2458981,-
WBGene00006647,II,2460866,2472862,-
WBGene00018769,II,2473520,2479090,-
WBGene00018768,II,2480399,2481312,+
WBGene00018767,II,2481921,2485922,+
WBGene00018770,II,2483407,2483869,-
WBGene00018766,II,2488754,2496641,+
WBGene00019130,II,2504878,2514846,+
WBGene00018223,II,2520965,2522044,-
WBGene00019341,II,2525220,2529255,-
WBGene00019340,II,2530817,2531476,+
WBGene00019342,II,2533445,2534278,-
WBGene00019339,II,2535417,2536292,+
WBGene00019338,II,2538494,2543920,+
WBGene00019337,II,2546225,2553572,+
WBGene00019335,II,2553962,2556313,+
WBGene00019343,II,2557781,2563677,-
WBGene00017280,II,2565275,2575930,+
WBGene00005586,II,2580901,2583346,-
WBGene00005548,II,2583782,2585593,-
WBGene00045457,II,2586078,2586911,-
WBGene00005551,II,2587504,2589754,+
WBGene00018020,II,2594052,2598903,-
WBGene00018019,II,2600553,2601779,+
WBGene00005589,II,2603208,2605419,-
WBGene00005550,II,2610862,2612359,+
WBGene00194711,II,2612612,2614060,+
WBGene00017059,II,2616905,2617374,+
WBGene00017058,II,2619419,2619789,+
WBGene00017057,II,2622663,2623767,+
WBGene00017056,II,2623402,2624530,+
WBGene00044301,II,2625092,2627070,+
WBGene00005583,II,2627749,2629196,+
WBGene00005549,II,2629570,2631231,+
WBGene00017055,II,2631473,2633054,+
WBGene00044363,II,2635360,2637608,-
WBGene00017708,II,2638392,2639353,+
WBGene00017707,II,2640081,2641897,+
WBGene00017706,II,2642090,2642884,+
WBGene00017709,II,2643685,2645703,-
WBGene00017710,II,2646328,2646843,-
WBGene00017711,II,2647637,2649639,-
WBGene00017705,II,2649870,2650715,+
WBGene00005559,II,2656906,2658258,+
WBGene00001546,II,2659670,2665022,+
WBGene00017704,II,2665389,2666252,+
WBGene00005569,II,2670533,2672128,-
WBGene00017713,II,2672632,2673634,-
WBGene00017703,II,2673908,2677588,+
WBGene00017712,II,2678041,2679162,+
WBGene00018021,II,2679163,2681218,-
WBGene00018022,II,2683329,2684308,-
WBGene00006318,II,2684669,2686977,-
WBGene00044364,II,2687625,2687888,+
WBGene00044365,II,2688916,2689179,+
WBGene00044366,II,2689909,2690180,-
WBGene00018023,II,2690472,2694311,-
WBGene00005574,II,2696939,2698478,-
WBGene00005573,II,2698865,2700329,-
WBGene00005572,II,2701389,2702857,-
WBGene00005345,II,2703371,2705316,-
WBGene00021654,II,2705996,2707982,-
WBGene00020227,II,2708438,2710096,-
WBGene00020228,II,2709942,2711019,-
WBGene00020229,II,2714647,2717435,-
WBGene00020230,II,2717522,2725541,-
WBGene00020231,II,2731319,2735250,-
WBGene00044367,II,2736678,2737556,+
WBGene00020232,II,2738523,2739642,-
WBGene00020233,II,2740403,2742341,-
WBGene00017915,II,2747393,2747728,-
WBGene00017914,II,2748588,2751573,+
WBGene00017916,II,2751741,2752611,-
WBGene00017913,II,2753299,2754379,+
WBGene00017918,II,2757147,2758054,-
WBGene00017912,II,2758625,2761856,+
WBGene00017911,II,2762417,2763477,+
WBGene00017249,II,2764964,2767230,+
WBGene00017250,II,2767250,2769121,-
WBGene00017251,II,2769670,2770888,-
WBGene00017252,II,2771082,2772266,-
WBGene00017253,II,2772389,2773634,-
WBGene00017254,II,2773954,2775042,-
WBGene00017248,II,2778146,2779282,+
WBGene00017247,II,2779544,2780838,+
WBGene00017246,II,2781628,2783083,+
WBGene00017255,II,2783102,2787089,-
WBGene00017245,II,2787481,2793471,+
WBGene00003709,II,2794974,2800600,-
WBGene00019691,II,2808167,2812860,+
WBGene00019683,II,2812872,2815544,-
WBGene00019690,II,2816976,2819123,+
WBGene00001507,II,2819435,2822490,-
WBGene00044368,II,2822874,2823059,+
WBGene00019684,II,2823707,2824269,-
WBGene00019689,II,2824414,2824946,+
WBGene00019685,II,2825662,2826598,-
WBGene00019688,II,2827897,2828603,+
WBGene00019686,II,2828594,2831233,-
WBGene00019687,II,2834953,2836780,-
WBGene00022441,II,2839304,2840386,+
WBGene00022443,II,2841010,2841629,-
WBGene00022444,II,2842608,2843188,-
WBGene00004210,II,2845384,2852593,-
WBGene00022442,II,2864529,2865363,+
WBGene00022445,II,2865971,2866655,-
WBGene00022440,II,2867074,2867779,+
WBGene00022439,II,2867993,2870758,+
WBGene00022446,II,2871377,2871914,-
WBGene00022438,II,2875101,2876618,+
WBGene00022447,II,2878729,2884910,-
WBGene00022448,II,2886317,2889016,-
WBGene00005020,II,2889104,2894395,-
WBGene00022450,II,2896737,2900348,-
WBGene00006710,II,2901404,2913603,-
WBGene00022453,II,2913705,2919314,-
WBGene00022452,II,2919710,2920904,+
WBGene00022712,II,2923899,2926533,+
WBGene00022713,II,2927017,2927633,-
WBGene00086560,II,2927813,2928149,+
WBGene00022714,II,2928221,2930599,-
WBGene00022711,II,2930728,2933463,+
WBGene00044369,II,2933521,2934454,-
WBGene00022715,II,2934805,2937952,-
WBGene00022716,II,2938143,2940847,-
WBGene00020431,II,2940996,2944077,-
WBGene00020430,II,2944176,2946533,+
WBGene00005826,II,2946738,2948434,+
WBGene00077759,II,2948929,2952729,-
WBGene00020432,II,2952957,2956040,-
WBGene00020428,II,2956065,2958191,+
WBGene00005807,II,2958608,2961883,+
WBGene00003678,II,2976639,2987023,+
WBGene00019513,II,2988307,2991238,+
WBGene00019512,II,2991613,2994313,+
WBGene00019511,II,2997021,3000653,+
WBGene00016576,II,3000768,3002411,+
WBGene00016575,II,3002513,3003827,+
WBGene00016574,II,3003969,3005573,+
WBGene00016573,II,3005799,3007506,+
WBGene00016578,II,3008700,3009889,+
WBGene00044370,II,3012081,3012233,-
WBGene00016572,II,3014835,3015961,+
WBGene00016571,II,3016068,3017471,+
WBGene00016577,II,3017482,3019907,-
WBGene00015198,II,3020561,3023431,-
WBGene00015197,II,3032780,3036122,+
WBGene00206372,II,3036187,3037757,-
WBGene00015196,II,3038859,3040822,+
WBGene00015199,II,3040943,3043406,-
WBGene00005541,II,3044323,3046115,+
WBGene00005542,II,3046219,3048154,+
WBGene00005540,II,3048678,3050435,+
WBGene00005543,II,3051003,3052322,+
WBGene00015200,II,3052597,3054348,-
WBGene00002997,II,3056822,3060207,+
WBGene00021293,II,3061082,3062112,+
WBGene00021294,II,3062542,3071381,-
WBGene00021295,II,3071164,3076953,-
WBGene00021292,II,3078796,3087682,+
WBGene00005178,II,3088474,3091296,-
WBGene00005179,II,3091503,3093452,-
WBGene00005180,II,3093902,3096160,-
WBGene00194985,II,3096228,3096957,-
WBGene00005181,II,3098403,3100646,-
WBGene00021291,II,3102318,3104736,+
WBGene00021290,II,3106065,3108032,+
WBGene00021296,II,3109368,3111247,-
WBGene00021289,II,3112613,3113337,+
WBGene00021288,II,3114234,3116758,+
WBGene00020409,II,3117771,3118451,+
WBGene00020408,II,3119332,3123192,+
WBGene00005292,II,3123506,3124899,+
WBGene00002102,II,3126037,3126441,-
WBGene00002114,II,3127041,3127790,+
WBGene00020407,II,3129179,3131288,+
WBGene00005566,II,3135581,3137904,-
WBGene00005554,II,3140918,3142955,-
WBGene00005555,II,3143394,3144652,-
WBGene00077522,II,3146142,3146992,+
WBGene00020410,II,3148504,3149621,-
WBGene00020406,II,3150140,3152575,+
WBGene00044889,II,3151332,3151784,-
WBGene00005544,II,3153050,3154483,-
WBGene00005545,II,3155167,3156849,-
WBGene00005546,II,3157491,3159085,-
WBGene00021297,II,3168767,3170189,-
WBGene00045303,II,3171468,3172276,-
WBGene00005552,II,3177963,3180476,+
WBGene00021298,II,3180479,3182676,-
WBGene00021299,II,3183763,3184630,+
WBGene00005590,II,3185158,3186790,+
WBGene00045304,II,3189338,3190954,+
WBGene00021300,II,3191213,3191644,-
WBGene00001541,II,3192420,3197066,-
WBGene00005563,II,3197613,3199098,-
WBGene00005560,II,3199583,3200906,-
WBGene00005565,II,3201204,3202619,-
WBGene00005562,II,3203715,3205543,+
WBGene00044371,II,3206020,3206541,-
WBGene00044372,II,3206939,3207388,+
WBGene00022570,II,3207683,3208751,-
WBGene00022569,II,3209478,3211181,+
WBGene00022568,II,3212371,3213208,+
WBGene00022567,II,3214452,3215565,+
WBGene00022566,II,3216081,3216600,+
WBGene00022565,II,3217907,3218990,+
WBGene00194717,II,3219687,3220774,-
WBGene00022572,II,3221126,3222010,-
WBGene00022571,II,3222406,3222827,-
WBGene00022573,II,3223497,3224731,-
WBGene00022574,II,3224770,3225285,-
WBGene00022575,II,3225348,3225968,-
WBGene00005501,II,3228885,3230522,-
WBGene00015914,II,3230817,3234813,-
WBGene00023479,II,3235956,3237138,-
WBGene00044373,II,3237471,3238179,+
WBGene00015911,II,3240545,3241726,+
WBGene00044374,II,3243676,3244162,-
WBGene00015913,II,3245087,3246015,-
WBGene00015912,II,3246316,3248174,-
WBGene00015910,II,3248623,3249386,+
WBGene00015909,II,3250313,3250856,+
WBGene00001544,II,3250985,3259354,-
WBGene00017180,II,3262829,3264382,+
WBGene00195073,II,3267663,3271505,+
WBGene00017181,II,3272349,3275023,-
WBGene00017182,II,3276256,3277305,-
WBGene00017179,II,3278987,3281686,+
WBGene00018196,II,3282653,3287158,+
WBGene00017183,II,3283667,3284657,-
WBGene00005575,II,3287373,3289031,+
WBGene00044375,II,3290486,3290644,-
WBGene00018200,II,3295414,3296582,+
WBGene00018195,II,3296908,3298027,+
WBGene00018201,II,3298395,3299589,+
WBGene00269387,II,3299825,3300676,+
WBGene00018198,II,3311926,3312547,-
WBGene00021590,II,3321060,3323279,-
WBGene00021589,II,3324021,3326431,+
WBGene00021591,II,3326492,3327197,-
WBGene00017454,II,3329786,3331806,+
WBGene00077751,II,3331889,3334205,+
WBGene00206522,II,3335422,3337139,-
WBGene00017455,II,3337968,3338656,-
WBGene00017453,II,3340556,3341260,+
WBGene00017459,II,3341268,3342104,-
WBGene00023427,II,3342335,3343814,-
WBGene00017461,II,3343710,3344967,-
WBGene00017460,II,3345218,3346378,-
WBGene00017462,II,3346745,3347519,-
WBGene00017456,II,3347574,3349870,-
WBGene00017452,II,3350252,3358981,+
WBGene00017451,II,3359139,3360255,+
WBGene00017450,II,3360221,3361354,+
WBGene00021728,II,3361899,3365961,-
WBGene00021729,II,3367258,3368197,-
WBGene00021730,II,3369175,3370111,-
WBGene00021727,II,3371310,3372145,+
WBGene00021726,II,3375079,3376714,+
WBGene00021725,II,3377111,3378726,+
WBGene00021724,II,3378575,3379551,+
WBGene00020290,II,3381836,3384017,+
WBGene00020291,II,3384826,3385895,-
WBGene00206385,II,3387143,3387603,-
WBGene00020292,II,3388280,3391586,-
WBGene00020293,II,3392036,3395533,-
WBGene00017554,II,3395821,3399303,-
WBGene00017555,II,3399754,3402925,-
WBGene00017553,II,3403835,3406838,+
WBGene00017552,II,3406951,3409774,+
WBGene00017556,II,3411425,3414469,-
WBGene00017551,II,3415005,3416250,+
WBGene00017550,II,3416838,3420671,+
WBGene00017557,II,3420653,3425533,-
WBGene00015855,II,3429406,3431303,+
WBGene00015841,II,3431286,3436512,-
WBGene00015854,II,3440827,3442445,+
WBGene00195072,II,3442490,3443254,-
WBGene00015842,II,3443488,3444380,-
WBGene00015843,II,3444689,3445381,-
WBGene00015853,II,3445760,3446719,+
WBGene00195070,II,3446957,3448020,+
WBGene00195071,II,3448206,3448759,+
WBGene00015852,II,3449562,3450994,+
WBGene00015851,II,3451421,3452409,+
WBGene00015850,II,3452721,3453602,+
WBGene00015849,II,3453708,3454688,+
WBGene00015856,II,3458501,3459023,+
WBGene00015845,II,3459619,3460314,-
WBGene00015846,II,3461112,3461681,-
WBGene00015847,II,3462570,3463194,-
WBGene00015848,II,3464155,3464680,-
WBGene00044377,II,3470060,3471703,-
WBGene00044376,II,3472075,3472430,-
WBGene00021718,II,3472879,3473289,+
WBGene00021717,II,3474050,3474729,+
WBGene00021719,II,3475644,3477271,-
WBGene00021720,II,3479473,3481685,-
WBGene00004896,II,3482408,3490143,+
WBGene00021716,II,3491179,3492881,+
WBGene00021721,II,3493934,3499426,-
WBGene00000647,II,3500077,3502449,-
WBGene00021715,II,3502968,3504910,+
WBGene00021714,II,3505017,3509956,+
WBGene00021722,II,3512690,3514731,-
WBGene00044378,II,3514963,3515484,-
WBGene00021118,II,3516008,3518898,+
WBGene00021117,II,3519494,3520421,+
WBGene00000648,II,3520703,3524180,-
WBGene00021116,II,3525172,3528516,-
WBGene00000162,II,3532527,3546431,-
WBGene00021148,II,3550651,3553437,+
WBGene00021149,II,3553724,3554618,+
WBGene00021146,II,3557474,3567490,+
WBGene00021134,II,3559651,3560692,-
WBGene00021135,II,3560862,3561661,-
WBGene00021136,II,3561749,3562570,-
WBGene00021137,II,3562760,3563360,-
WBGene00021138,II,3568117,3569218,-
WBGene00021139,II,3569430,3571027,-
WBGene00021145,II,3571491,3572883,+
WBGene00021144,II,3573556,3574652,+
WBGene00021143,II,3577045,3578110,+
WBGene00021142,II,3578421,3579031,+
WBGene00021141,II,3580083,3581433,+
WBGene00005281,II,3582052,3583505,+
WBGene00005282,II,3583987,3586063,+
WBGene00005280,II,3588283,3589721,+
WBGene00005509,II,3592051,3593489,-
WBGene00021711,II,3603387,3607384,+
WBGene00021713,II,3607937,3609862,-
WBGene00018235,II,3610409,3615352,+
WBGene00018234,II,3617812,3618621,+
WBGene00019799,II,3622314,3624058,+
WBGene00019796,II,3624198,3626950,+
WBGene00019795,II,3627172,3629266,+
WBGene00219238,II,3629295,3630860,+
WBGene00019794,II,3631444,3633875,+
WBGene00019797,II,3637811,3639338,-
WBGene00019793,II,3641500,3644082,+
WBGene00019798,II,3645427,3646982,+
WBGene00044314,II,3647411,3648599,+
WBGene00017590,II,3651256,3654276,+
WBGene00017587,II,3655678,3657732,+
WBGene00017586,II,3660084,3661809,+
WBGene00194713,II,3662204,3662618,+
WBGene00017588,II,3663509,3663896,-
WBGene00017585,II,3664404,3665120,+
WBGene00005988,II,3667179,3668664,-
WBGene00005989,II,3669321,3671056,-
WBGene00004750,II,3671908,3673593,-
WBGene00017584,II,3675624,3676733,+
WBGene00017589,II,3677535,3681415,-
WBGene00017583,II,3683177,3684996,+
WBGene00044379,II,3687791,3688691,-
WBGene00005992,II,3689467,3690746,-
WBGene00005993,II,3693401,3694764,-
WBGene00005995,II,3698599,3699691,-
WBGene00005996,II,3699834,3701405,-
WBGene00005999,II,3705620,3707065,+
WBGene00006001,II,3709555,3710952,+
WBGene00016711,II,3711293,3713048,+
WBGene00005319,II,3713188,3714695,-
WBGene00005318,II,3715000,3716555,-
WBGene00016710,II,3717138,3719768,+
WBGene00016709,II,3721316,3723084,+
WBGene00016708,II,3723378,3723896,+
WBGene00016707,II,3724225,3725909,+
WBGene00016712,II,3725906,3727479,-
WBGene00016713,II,3727690,3729707,-
WBGene00017406,II,3730152,3731548,-
WBGene00017405,II,3731973,3733203,+
WBGene00017407,II,3735929,3736943,-
WBGene00017403,II,3737965,3740837,+
WBGene00017402,II,3741884,3742509,+
WBGene00044811,II,3742465,3743819,-
WBGene00086558,II,3744477,3745910,-
WBGene00044693,II,3746474,3747459,-
WBGene00044694,II,3747679,3748819,-
WBGene00044692,II,3749061,3750785,-
WBGene00017408,II,3751261,3752284,-
WBGene00020774,II,3753921,3757428,+
WBGene00006002,II,3757799,3759252,+
WBGene00044380,II,3759581,3760036,+
WBGene00020775,II,3760300,3761699,-
WBGene00006003,II,3763447,3764586,-
WBGene00020777,II,3765087,3773191,-
WBGene00020773,II,3776019,3777459,+
WBGene00020778,II,3778406,3779563,-
WBGene00020772,II,3782950,3784156,+
WBGene00020771,II,3785557,3786666,+
WBGene00195077,II,3787451,3788479,+
WBGene00021173,II,3790750,3791395,+
WBGene00021172,II,3791534,3792102,+
WBGene00021174,II,3792524,3793425,-
WBGene00021171,II,3795623,3800608,+
WBGene00002115,II,3802959,3803324,-
WBGene00018805,II,3805493,3807053,-
WBGene00018806,II,3807096,3808223,-
WBGene00018804,II,3812284,3813426,+
WBGene00018803,II,3816686,3818238,+
WBGene00018808,II,3820152,3821312,-
WBGene00004821,II,3824148,3825614,+
WBGene00018809,II,3825661,3827879,-
WBGene00018810,II,3829584,3831914,-
WBGene00015873,II,3833250,3836015,-
WBGene00015872,II,3839862,3841272,+
WBGene00015875,II,3841914,3843405,-
WBGene00015871,II,3843609,3845509,+
WBGene00015870,II,3846328,3848143,+
WBGene00003662,II,3849053,3850725,-
WBGene00015869,II,3852954,3854615,+
WBGene00016775,II,3855921,3856588,+
WBGene00016776,II,3858142,3860926,-
WBGene00016777,II,3863084,3864752,-
WBGene00016773,II,3869901,3873010,+
WBGene00016778,II,3873541,3877227,-
WBGene00016779,II,3877249,3877974,-
WBGene00005456,II,3878630,3879891,+
WBGene00016772,II,3880245,3882182,+
WBGene00018752,II,3891424,3893574,+
WBGene00018751,II,3894841,3896239,+
WBGene00018750,II,3898142,3899663,+
WBGene00018749,II,3899851,3900783,+
WBGene00018748,II,3900788,3902773,+
WBGene00018747,II,3902860,3904794,+
WBGene00018754,II,3904816,3906620,-
WBGene00018746,II,3907140,3908478,+
WBGene00018755,II,3908491,3910837,-
WBGene00018745,II,3912003,3913385,+
WBGene00018756,II,3919794,3927982,-
WBGene00021192,II,3932178,3933740,-
WBGene00021191,II,3934451,3936008,+
WBGene00004751,II,3950145,3972137,+
WBGene00206374,II,3972262,3972757,+
WBGene00019641,II,3972820,3974968,-
WBGene00019640,II,3976246,3977969,+
WBGene00003017,II,3982549,3986944,+
WBGene00044381,II,3987281,3988185,+
WBGene00044382,II,3988700,3989677,-
WBGene00021190,II,3993210,3993887,+
WBGene00019487,II,4004885,4016072,+
WBGene00019486,II,4016827,4018701,-
WBGene00019485,II,4020482,4025562,-
WBGene00019488,II,4028577,4029985,+
WBGene00019484,II,4031214,4032387,-
WBGene00004135,II,4038868,4043070,+
WBGene00004467,II,4043059,4044330,-
WBGene00019483,II,4044771,4047247,-
WBGene00021055,II,4055939,4057707,+
WBGene00021053,II,4058956,4061698,-
WBGene00021054,II,4063008,4064057,-
WBGene00021052,II,4067558,4069771,+
WBGene00020009,II,4070009,4072920,+
WBGene00020008,II,4083065,4086226,+
WBGene00020007,II,4091837,4094349,+
WBGene00006476,II,4100788,4127849,+
WBGene00020368,II,4127848,4134867,-
WBGene00021822,II,4140901,4141105,+
WBGene00018969,II,4142816,4149678,+
WBGene00019855,II,4155773,4167368,+
WBGene00019856,II,4167555,4168500,-
WBGene00019857,II,4169723,4170608,-
WBGene00019858,II,4171294,4173875,-
WBGene00019859,II,4177267,4178927,-
WBGene00019854,II,4180271,4183545,+
WBGene00006495,II,4186666,4208499,+
WBGene00017947,II,4188978,4194458,-
WBGene00017948,II,4194945,4204147,-
WBGene00017949,II,4209738,4210066,+
WBGene00206414,II,4211425,4213335,+
WBGene00017945,II,4215605,4218243,+
WBGene00017944,II,4219379,4221769,+
WBGene00015818,II,4223309,4226330,+
WBGene00015817,II,4227046,4229157,+
WBGene00015816,II,4229551,4230686,+
WBGene00185089,II,4231385,4234620,+
WBGene00045297,II,4234950,4235982,-
WBGene00015819,II,4236504,4237751,-
WBGene00015815,II,4238159,4244830,+
WBGene00001673,II,4247197,4255281,+
WBGene00015820,II,4255848,4256989,-
WBGene00015821,II,4257092,4258781,-
WBGene00015299,II,4276209,4279268,+
WBGene00015300,II,4279424,4281967,-
WBGene00015301,II,4282321,4288211,-
WBGene00015298,II,4295101,4299006,+
WBGene00015297,II,4299653,4300919,+
WBGene00015296,II,4301607,4305287,+
WBGene00021796,II,4305262,4307004,-
WBGene00021797,II,4309725,4312215,-
WBGene00005787,II,4314417,4316111,-
WBGene00021798,II,4316629,4319969,-
WBGene00021795,II,4320836,4321654,+
WBGene00021794,II,4321663,4322616,+
WBGene00019221,II,4323256,4324187,+
WBGene00003390,II,4324361,4326089,+
WBGene00019220,II,4326720,4328284,+
WBGene00019219,II,4329023,4334484,+
WBGene00019218,II,4335707,4338424,+
WBGene00019217,II,4340151,4350984,+
WBGene00044310,II,4351188,4353159,+
WBGene00019222,II,4353221,4355317,-
WBGene00019216,II,4355633,4358844,+
WBGene00002252,II,4359082,4368332,+
WBGene00023425,II,4368490,4369692,+
WBGene00015116,II,4369625,4372597,-
WBGene00003825,II,4372740,4376742,-
WBGene00015115,II,4375504,4386343,+
WBGene00001438,II,4379652,4383348,-
WBGene00022743,II,4392800,4404850,+
WBGene00022741,II,4405864,4416553,+
WBGene00007036,II,4417683,4419131,+
WBGene00044063,II,4420255,4422319,+
WBGene00022742,II,4422463,4424902,-
WBGene00022739,II,4425167,4432613,+
WBGene00003699,II,4433332,4435169,+
WBGene00020460,II,4435300,4436995,+
WBGene00003615,II,4438867,4440867,+
WBGene00006657,II,4441265,4453151,-
WBGene00020461,II,4458263,4460404,-
WBGene00021058,II,4461130,4467895,+
WBGene00021057,II,4468169,4471038,+
WBGene00021056,II,4471401,4473553,+
WBGene00020248,II,4478613,4480948,+
WBGene00020249,II,4481025,4483722,-
WBGene00020250,II,4487694,4489388,-
WBGene00020252,II,4490408,4490865,-
WBGene00020251,II,4491152,4505147,-
WBGene00015135,II,4512211,4516115,+
WBGene00001948,II,4518560,4522523,+
WBGene00015136,II,4522465,4523222,-
WBGene00015134,II,4523622,4524589,+
WBGene00005061,II,4524634,4527900,-
WBGene00005058,II,4529636,4531964,-
WBGene00005059,II,4534742,4537241,-
WBGene00005062,II,4538988,4540731,-
WBGene00005060,II,4541865,4543668,-
WBGene00019489,II,4550894,4552177,+
WBGene00019746,II,4557787,4559573,+
WBGene00077490,II,4560397,4562618,+
WBGene00000928,II,4562853,4563546,+
WBGene00006868,II,4572000,4590970,+
WBGene00019747,II,4590952,4601354,-
WBGene00018046,II,4601355,4602633,-
WBGene00018045,II,4603406,4604161,+
WBGene00018044,II,4608372,4612082,+
WBGene00004122,II,4612989,4626107,+
WBGene00018047,II,4615635,4616543,-
WBGene00018048,II,4617152,4618090,-
WBGene00018049,II,4618882,4619800,-
WBGene00018050,II,4619988,4621741,-
WBGene00018043,II,4626906,4627805,+
WBGene00018051,II,4627811,4638384,-
WBGene00022283,II,4649085,4653280,+
WBGene00020222,II,4653189,4655934,-
WBGene00271415,II,4659713,4661378,-
WBGene00271414,II,4662209,4663286,-
WBGene00044383,II,4663837,4665445,-
WBGene00043986,II,4665893,4667588,-
WBGene00020223,II,4668644,4671774,-
WBGene00001976,II,4672798,4673746,+
WBGene00020220,II,4674420,4675729,+
WBGene00020221,II,4675779,4676250,+
WBGene00020219,II,4678026,4679638,+
WBGene00020224,II,4679667,4681324,-
WBGene00020225,II,4681764,4683728,-
WBGene00017371,II,4687241,4689392,+
WBGene00044744,II,4689777,4690484,+
WBGene00017369,II,4693414,4696408,+
WBGene00004461,II,4696419,4698427,-
WBGene00004737,II,4698721,4700994,+
WBGene00006817,II,4702069,4703219,+
WBGene00017372,II,4703254,4706498,-
WBGene00006626,II,4706821,4710052,+
WBGene00006497,II,4710277,4713690,+
WBGene00017373,II,4713674,4726264,-
WBGene00018274,II,4716047,4718536,+
WBGene00017374,II,4727326,4727869,-
WBGene00018273,II,4730060,4731268,+
WBGene00018275,II,4731178,4733949,-
WBGene00018272,II,4735113,4736850,+
WBGene00018271,II,4737617,4739906,+
WBGene00018270,II,4740412,4741616,+
WBGene00018269,II,4742128,4745280,+
WBGene00018268,II,4749968,4751822,+
WBGene00018267,II,4752388,4752942,+
WBGene00016163,II,4753413,4755595,+
WBGene00016164,II,4755589,4756851,-
WBGene00017839,II,4758762,4759289,+
WBGene00017838,II,4763081,4764174,+
WBGene00017840,II,4764159,4766384,-
WBGene00017841,II,4770534,4771382,-
WBGene00044662,II,4772835,4773991,-
WBGene00044663,II,4774382,4774883,+
WBGene00017842,II,4775295,4781347,-
WBGene00045455,II,4777142,4778104,+
WBGene00003424,II,4785861,4786316,-
WBGene00270318,II,4790297,4791340,+
WBGene00017837,II,4791620,4795643,+
WBGene00016353,II,4795761,4797216,+
WBGene00050941,II,4797371,4798176,+
WBGene00016354,II,4798154,4812136,-
WBGene00016355,II,4818662,4821564,-
WBGene00016356,II,4823381,4825196,-
WBGene00003435,II,4825380,4825837,+
WBGene00016359,II,4826507,4827884,-
WBGene00016352,II,4828560,4832469,+
WBGene00016357,II,4834145,4834834,-
WBGene00016351,II,4835023,4835717,+
WBGene00016358,II,4836304,4837759,-
WBGene00044298,II,4841374,4842211,-
WBGene00020715,II,4842560,4842998,+
WBGene00044767,II,4850185,4851441,+
WBGene00001027,II,4852056,4857880,+
WBGene00017385,II,4857923,4859185,+
WBGene00017386,II,4860064,4860411,-
WBGene00017384,II,4860594,4861696,+
WBGene00017387,II,4862318,4863457,-
WBGene00044384,II,4863713,4865780,+
WBGene00000606,II,4866436,4867576,-
WBGene00000609,II,4869607,4870791,-
WBGene00000649,II,4872098,4873127,-
WBGene00017388,II,4875280,4875666,-
WBGene00001754,II,4879885,4881105,+
WBGene00001755,II,4882062,4883358,+
WBGene00001756,II,4883749,4884602,+
WBGene00019891,II,4886276,4888211,+
WBGene00019890,II,4889437,4891427,+
WBGene00001757,II,4891573,4893573,+
WBGene00003431,II,4892270,4892728,-
WBGene00003430,II,4898616,4899188,+
WBGene00019892,II,4899859,4902100,-
WBGene00019893,II,4902288,4903796,-
WBGene00019888,II,4905008,4911835,+
WBGene00019894,II,4911765,4914218,-
WBGene00019895,II,4914494,4925248,-
WBGene00003429,II,4916179,4916562,-
WBGene00003470,II,4932991,4933450,+
WBGene00001778,II,4933883,4935038,-
WBGene00022762,II,4935563,4937956,+
WBGene00022761,II,4938004,4938602,+
WBGene00022766,II,4938599,4941150,-
WBGene00195246,II,4941771,4942318,+
WBGene00007012,II,4942107,4943949,-
WBGene00022765,II,4944042,4945838,-
WBGene00022759,II,4946025,4948070,+
WBGene00006619,II,4948154,4949527,-
WBGene00006997,II,4949902,4953488,+
WBGene00003580,II,4953589,4954503,+
WBGene00003949,II,4954480,4955427,-
WBGene00006737,II,4955646,4959876,-
WBGene00020867,II,4969186,4988934,+
WBGene00206517,II,4990102,4990613,+
WBGene00020868,II,4990831,4993580,-
WBGene00194986,II,4991587,4993077,-
WBGene00020866,II,4994002,4995607,+
WBGene00004382,II,4995551,4998035,+
WBGene00044664,II,4998007,4998757,-
WBGene00019087,II,4999520,5003806,+
WBGene00044385,II,5003960,5004849,+
WBGene00019086,II,5005081,5008068,+
WBGene00019085,II,5008341,5011179,+
WBGene00044665,II,5011523,5012078,-
WBGene00019084,II,5014699,5015324,+
WBGene00003822,II,5022764,5029982,+
WBGene00018014,II,5029942,5031712,-
WBGene00018015,II,5031757,5034035,-
WBGene00018016,II,5034142,5036439,-
WBGene00018017,II,5036561,5040196,-
WBGene00044666,II,5040208,5040681,-
WBGene00018018,II,5049915,5053966,+
WBGene00002068,II,5054084,5055338,-
WBGene00004434,II,5055616,5056214,+
WBGene00206373,II,5056211,5058113,-
WBGene00016152,II,5058849,5060762,-
WBGene00016151,II,5062129,5067116,+
WBGene00044387,II,5067088,5067980,-
WBGene00016153,II,5068648,5069625,-
WBGene00044386,II,5069764,5071365,-
WBGene00001102,II,5078235,5081161,-
WBGene00015454,II,5081490,5083441,-
WBGene00004040,II,5083848,5091690,-
WBGene00015455,II,5085785,5086121,+
WBGene00015453,II,5093214,5094263,+
WBGene00077489,II,5094245,5095370,+
WBGene00015456,II,5098770,5100242,-
WBGene00015457,II,5100412,5101801,-
WBGene00015458,II,5101984,5102647,+
WBGene00015459,II,5103341,5103834,-
WBGene00003402,II,5104118,5108901,+
WBGene00017277,II,5110029,5112232,+
WBGene00017279,II,5112382,5114153,+
WBGene00003462,II,5115102,5115335,-
WBGene00017278,II,5116033,5118276,+
WBGene00001588,II,5130384,5133215,+
WBGene00019023,II,5136717,5138568,+
WBGene00003547,II,5138648,5142036,-
WBGene00019022,II,5142343,5144021,+
WBGene00019024,II,5146967,5148465,-
WBGene00019025,II,5148530,5150853,-
WBGene00019027,II,5153119,5154638,-
WBGene00019028,II,5155436,5157625,-
WBGene00003438,II,5156700,5157083,-
WBGene00019026,II,5158566,5158988,-
WBGene00044388,II,5159717,5161130,-
WBGene00005070,II,5161995,5163383,-
WBGene00005068,II,5165315,5166838,-
WBGene00005067,II,5168110,5169324,-
WBGene00005066,II,5169726,5171032,-
WBGene00016160,II,5171910,5177440,+
WBGene00016161,II,5173710,5174470,-
WBGene00044389,II,5177298,5178007,-
WBGene00016162,II,5179034,5187569,-
WBGene00003442,II,5194332,5194792,+
WBGene00016416,II,5195804,5199257,+
WBGene00003443,II,5199763,5200223,+
WBGene00016415,II,5203322,5209799,+
WBGene00016417,II,5209780,5210978,-
WBGene00016414,II,5212270,5212789,+
WBGene00016413,II,5212932,5213932,+
WBGene00001101,II,5214441,5225377,-
WBGene00017148,II,5230081,5230501,+
WBGene00017147,II,5231424,5233273,+
WBGene00004020,II,5233154,5235926,-
WBGene00004023,II,5236258,5238514,-
WBGene00020539,II,5241233,5241660,-
WBGene00004221,II,5242452,5246837,-
WBGene00016909,II,5251121,5255529,-
WBGene00016910,II,5261009,5261322,+
WBGene00016911,II,5270406,5271845,-
WBGene00022781,II,5278137,5282525,-
WBGene00001806,II,5285329,5288908,+
WBGene00044667,II,5289442,5290326,+
WBGene00022782,II,5292683,5293306,+
WBGene00022780,II,5293800,5295612,+
WBGene00001538,II,5312046,5319234,+
WBGene00006923,II,5323005,5340826,+
WBGene00017291,II,5342663,5344875,-
WBGene00017287,II,5346607,5347013,+
WBGene00017288,II,5348096,5350546,-
WBGene00017286,II,5350669,5351993,+
WBGene00017285,II,5352087,5353759,+
WBGene00005226,II,5355712,5357341,+
WBGene00017289,II,5357308,5358187,-
WBGene00017293,II,5358695,5359469,+
WBGene00017284,II,5359552,5372122,+
WBGene00017292,II,5364492,5365745,-
WBGene00017290,II,5367942,5369102,-
WBGene00000094,II,5371980,5373433,-
WBGene00017283,II,5373997,5375177,+
WBGene00017282,II,5375267,5377111,+
WBGene00006434,II,5378068,5379632,+
WBGene00004034,II,5380027,5384169,+
WBGene00017136,II,5384137,5387317,-
WBGene00004701,II,5387411,5388830,-
WBGene00003583,II,5388829,5390104,-
WBGene00017144,II,5390233,5393190,-
WBGene00017137,II,5393293,5395694,-
WBGene00017138,II,5395889,5398902,-
WBGene00003393,II,5399538,5405810,+
WBGene00017139,II,5405819,5407634,-
WBGene00017140,II,5408260,5409024,-
WBGene00017135,II,5410467,5411235,+
WBGene00017141,II,5411542,5412174,-
WBGene00194696,II,5412196,5412610,-
WBGene00017142,II,5412722,5414052,-
WBGene00017134,II,5414207,5415580,+
WBGene00017133,II,5416714,5418377,+
WBGene00017143,II,5419233,5421093,+
WBGene00017132,II,5421248,5422737,+
WBGene00017219,II,5422735,5423858,-
WBGene00017220,II,5424141,5425733,-
WBGene00017217,II,5425750,5429572,-
WBGene00017216,II,5430392,5431422,+
WBGene00006005,II,5431476,5433048,-
WBGene00017218,II,5435724,5436933,-
WBGene00017215,II,5437891,5440256,+
WBGene00003774,II,5440243,5446705,-
WBGene00023407,II,5447681,5448634,+
WBGene00000969,II,5453847,5455977,+
WBGene00000935,II,5456305,5458609,+
WBGene00000548,II,5466363,5473812,+
WBGene00018961,II,5474373,5475475,+
WBGene00018960,II,5475409,5478524,+
WBGene00018959,II,5478578,5480490,+
WBGene00017394,II,5480591,5482041,-
WBGene00017393,II,5488151,5490606,+
WBGene00017395,II,5494085,5494505,-
WBGene00017390,II,5496540,5497062,+
WBGene00017396,II,5497285,5498256,-
WBGene00077704,II,5498710,5499150,+
WBGene00017397,II,5498851,5501409,-
WBGene00001511,II,5501633,5503908,+
WBGene00000375,II,5503966,5506115,+
WBGene00022672,II,5505870,5509056,+
WBGene00022673,II,5509028,5513775,-
WBGene00022671,II,5515861,5517133,+
WBGene00022674,II,5517157,5517743,-
WBGene00022670,II,5519217,5520200,+
WBGene00044390,II,5522937,5523488,+
WBGene00006554,II,5524200,5525379,-
WBGene00022669,II,5528141,5529637,+
WBGene00002121,II,5530501,5530928,+
WBGene00015892,II,5531313,5532259,-
WBGene00001965,II,5532857,5533738,-
WBGene00001964,II,5535240,5536149,+
WBGene00015893,II,5537835,5539004,+
WBGene00001966,II,5539081,5540211,-
WBGene00219272,II,5540984,5541822,-
WBGene00002096,II,5544585,5544851,-
WBGene00015894,II,5544781,5547492,-
WBGene00015891,II,5550046,5550530,+
WBGene00015890,II,5551833,5552335,+
WBGene00002095,II,5554617,5555306,+
WBGene00002094,II,5556761,5557088,+
WBGene00015889,II,5561763,5563523,+
WBGene00015888,II,5566082,5566692,+
WBGene00015895,II,5567786,5568396,-
WBGene00015887,II,5570572,5574943,+
WBGene00015896,II,5571074,5571969,+
WBGene00020803,II,5578318,5579965,+
WBGene00020804,II,5580125,5582409,-
WBGene00015917,II,5583036,5584752,+
WBGene00003097,II,5586165,5587651,+
WBGene00270322,II,5587614,5589755,-
WBGene00000383,II,5589186,5593628,-
WBGene00015916,II,5594714,5596463,+
WBGene00015915,II,5596547,5598449,+
WBGene00195182,II,5598453,5599374,-
WBGene00015918,II,5599930,5603294,-
WBGene00015919,II,5606542,5607856,-
WBGene00000970,II,5617122,5619319,-
WBGene00015920,II,5619590,5622483,-
WBGene00019121,II,5622895,5624866,+
WBGene00235269,II,5626316,5627263,-
WBGene00019122,II,5627244,5630048,-
WBGene00019120,II,5631357,5633284,+
WBGene00019123,II,5634528,5636926,-
WBGene00019119,II,5638381,5639752,+
WBGene00019124,II,5640063,5647042,-
WBGene00019125,II,5647154,5647884,-
WBGene00019126,II,5647986,5649472,-
WBGene00006988,II,5649737,5654422,+
WBGene00000252,II,5651394,5652449,-
WBGene00019118,II,5654515,5657371,+
WBGene00006402,II,5657710,5659854,-
WBGene00016121,II,5659937,5660786,-
WBGene00016115,II,5661167,5665243,+
WBGene00044391,II,5665408,5666278,+
WBGene00044392,II,5666291,5666850,+
WBGene00016116,II,5666756,5668930,-
WBGene00194642,II,5669028,5669680,-
WBGene00016117,II,5669788,5679276,-
WBGene00016114,II,5680980,5682667,+
WBGene00016120,II,5684479,5689030,-
WBGene00016118,II,5690137,5691355,-
WBGene00016113,II,5691662,5693939,+
WBGene00016112,II,5694195,5695237,+
WBGene00016123,II,5695383,5696358,+
WBGene00016119,II,5696585,5698969,-
WBGene00016111,II,5700170,5701408,+
WBGene00015942,II,5707691,5712351,+
WBGene00015943,II,5712351,5714823,-
WBGene00015945,II,5714924,5716250,+
WBGene00015946,II,5715153,5715796,-
WBGene00015941,II,5716307,5718038,+
WBGene00015940,II,5718129,5720052,+
WBGene00015939,II,5720148,5721791,+
WBGene00004267,II,5721791,5727651,-
WBGene00015944,II,5729597,5730443,-
WBGene00044668,II,5731033,5731741,+
WBGene00001958,II,5737790,5738888,-
WBGene00044296,II,5742971,5745284,-
WBGene00002054,II,5750190,5754140,+
WBGene00017327,II,5754468,5756684,+
WBGene00017325,II,5756891,5758421,-
WBGene00002053,II,5765618,5772084,+
WBGene00017326,II,5772065,5774220,-
WBGene00017324,II,5774229,5774420,+
WBGene00019408,II,5782524,5787658,+
WBGene00270309,II,5789172,5790128,+
WBGene00019407,II,5790726,5794402,+
WBGene00019406,II,5794495,5796185,+
WBGene00003456,II,5797036,5797482,-
WBGene00003469,II,5797893,5798341,+
WBGene00019409,II,5799321,5799642,-
WBGene00019410,II,5800067,5801175,-
WBGene00019405,II,5801382,5803680,+
WBGene00019411,II,5804717,5805475,-
WBGene00003457,II,5809917,5810342,-
WBGene00022876,II,5810514,5811749,+
WBGene00022877,II,5812375,5815482,-
WBGene00044393,II,5816573,5817306,+
WBGene00022875,II,5818598,5818831,+
WBGene00001224,II,5820712,5823919,+
WBGene00022880,II,5823816,5827443,-
WBGene00022881,II,5827587,5828586,-
WBGene00022882,II,5828683,5833232,-
WBGene00000650,II,5830867,5832014,+
WBGene00001509,II,5833328,5836203,-
WBGene00022883,II,5836777,5838553,-
WBGene00022885,II,5838663,5839414,-
WBGene00002268,II,5839639,5841134,-
WBGene00022874,II,5842243,5844575,+
WBGene00022884,II,5845254,5845541,-
WBGene00019270,II,5845777,5850308,+
WBGene00019269,II,5850362,5852038,-
WBGene00019268,II,5854422,5857172,+
WBGene00018871,II,5857080,5858422,-
WBGene00018874,II,5864182,5867041,+
WBGene00018872,II,5867268,5873614,-
WBGene00018873,II,5874507,5876101,-
WBGene00018870,II,5876811,5877449,+
WBGene00018869,II,5884552,5892664,+
WBGene00019128,II,5896170,5904588,+
WBGene00006644,II,5904552,5906308,+
WBGene00019129,II,5906545,5907613,+
WBGene00006933,II,5907794,5911222,+
WBGene00019127,II,5911324,5916910,+
WBGene00001486,II,5917422,5918564,+
WBGene00004214,II,5918626,5921617,+
WBGene00017895,II,5921967,5924838,+
WBGene00001208,II,5933493,5940815,+
WBGene00206371,II,5940863,5941660,+
WBGene00017894,II,5942927,5943990,+
WBGene00015003,II,5944196,5944368,-
WBGene00000403,II,5945418,5956683,-
WBGene00044394,II,5961677,5962024,+
WBGene00015004,II,5968079,5969058,-
WBGene00015002,II,5970105,5972658,+
WBGene00015005,II,5972856,5974966,-
WBGene00002085,II,5988526,5989394,+
WBGene00002086,II,5990103,5990818,-
WBGene00002087,II,5996370,5997007,+
WBGene00002088,II,5997803,5999019,+
WBGene00002089,II,6000421,6001009,+
WBGene00022651,II,6008458,6008762,-
WBGene00002103,II,6010844,6011321,+
WBGene00022650,II,6014357,6015891,+
WBGene00022652,II,6016229,6016561,-
WBGene00022649,II,6020653,6023349,+
WBGene00020029,II,6023323,6025035,-
WBGene00020023,II,6029514,6031206,-
WBGene00020024,II,6039344,6039650,-
WBGene00044395,II,6042797,6043266,-
WBGene00020025,II,6044145,6045218,-
WBGene00020026,II,6046286,6047867,-
WBGene00004306,II,6048109,6049686,+
WBGene00020022,II,6050332,6054307,+
WBGene00020027,II,6055039,6056388,-
WBGene00019190,II,6061977,6067166,-
WBGene00019192,II,6071386,6073251,-
WBGene00019194,II,6077904,6078235,+
WBGene00001401,II,6078265,6080843,-
WBGene00017685,II,6082518,6083012,+
WBGene00004209,II,6083628,6085858,-
WBGene00017684,II,6088008,6088202,+
WBGene00001402,II,6088866,6091480,-
WBGene00044287,II,6091820,6092789,+
WBGene00017686,II,6092766,6097597,-
WBGene00017683,II,6097830,6099663,+
WBGene00004346,II,6100060,6110122,+
WBGene00016236,II,6110452,6113194,-
WBGene00016237,II,6114423,6118263,-
WBGene00016235,II,6123809,6125438,+
WBGene00004680,II,6125559,6127942,+
WBGene00019018,II,6136094,6157176,+
WBGene00001373,II,6157167,6161094,-
WBGene00002030,II,6165721,6169231,-
WBGene00018251,II,6171507,6173159,+
WBGene00018250,II,6173568,6174863,+
WBGene00018249,II,6179867,6184684,+
WBGene00018252,II,6187010,6187722,-
WBGene00001440,II,6189580,6191402,-
WBGene00000771,II,6192784,6195170,+
WBGene00016245,II,6195813,6196959,-
WBGene00016244,II,6197180,6198308,+
WBGene00077732,II,6198696,6201628,+
WBGene00269379,II,6201573,6203010,-
WBGene00016246,II,6203292,6208218,-
WBGene00194710,II,6218687,6219511,-
WBGene00016247,II,6219526,6222658,-
WBGene00016248,II,6224892,6227095,-
WBGene00020784,II,6234483,6244287,-
WBGene00206412,II,6242096,6242523,+
WBGene00020783,II,6245748,6246257,+
WBGene00020782,II,6246354,6247334,+
WBGene00020781,II,6247311,6250841,+
WBGene00004015,II,6251411,6252797,+
WBGene00017438,II,6252774,6256124,-
WBGene00017443,II,6257628,6260021,-
WBGene00017437,II,6260857,6262524,+
WBGene00017444,II,6262522,6263325,+
WBGene00017436,II,6264050,6265502,+
WBGene00017441,II,6265612,6268083,-
WBGene00017435,II,6270370,6274005,+
WBGene00000259,II,6274115,6279699,+
WBGene00017442,II,6279676,6281102,-
WBGene00017434,II,6283386,6284724,+
WBGene00017439,II,6284817,6286869,-
WBGene00017440,II,6288413,6290097,-
WBGene00016212,II,6290652,6292524,-
WBGene00003403,II,6292652,6294356,-
WBGene00016213,II,6297243,6298675,-
WBGene00016210,II,6303424,6306283,+
WBGene00044589,II,6306429,6308073,+
WBGene00016215,II,6308114,6309298,-
WBGene00016311,II,6318087,6321159,-
WBGene00016312,II,6321340,6323079,-
WBGene00004860,II,6324484,6327355,+
WBGene00016313,II,6329850,6331341,-
WBGene00016314,II,6331899,6333987,-
WBGene00044755,II,6335478,6336334,+
WBGene00016315,II,6336345,6339557,-
WBGene00016316,II,6343058,6345925,-
WBGene00016310,II,6344122,6345519,+
WBGene00002980,II,6346960,6347719,-
WBGene00016317,II,6349207,6351987,-
WBGene00016318,II,6352542,6355911,-
WBGene00016319,II,6356416,6359005,-
WBGene00019607,II,6360331,6360959,-
WBGene00019608,II,6361159,6365367,-
WBGene00019606,II,6365722,6367002,+
WBGene00019605,II,6366990,6369210,+
WBGene00003009,II,6371295,6374544,+
WBGene00019061,II,6383645,6384692,+
WBGene00044756,II,6386767,6387568,+
WBGene00019062,II,6387525,6388242,-
WBGene00019063,II,6389275,6391295,-
WBGene00020800,II,6398706,6400940,+
WBGene00020802,II,6401949,6403102,+
WBGene00020799,II,6403401,6405040,+
WBGene00004996,II,6405391,6407346,-
WBGene00020801,II,6407537,6410281,-
WBGene00019372,II,6423112,6424925,+
WBGene00000651,II,6426293,6427513,+
WBGene00019371,II,6431261,6431875,+
WBGene00019426,II,6441428,6443921,+
WBGene00019425,II,6444010,6446134,+
WBGene00003621,II,6446079,6449819,-
WBGene00019427,II,6450889,6453391,-
WBGene00019424,II,6454974,6456440,+
WBGene00019428,II,6456522,6467642,-
WBGene00044669,II,6470095,6470506,-
WBGene00020897,II,6474338,6482125,-
WBGene00270303,II,6475691,6476664,+
WBGene00020896,II,6476953,6478073,+
WBGene00020898,II,6483953,6484967,-
WBGene00020895,II,6485677,6488861,+
WBGene00004916,II,6488830,6489761,-
WBGene00004702,II,6490158,6491340,+
WBGene00020899,II,6491469,6491993,-
WBGene00020894,II,6492402,6493778,+
WBGene00019904,II,6493720,6498633,-
WBGene00206514,II,6499119,6500261,-
WBGene00019905,II,6500397,6501520,-
WBGene00019903,II,6503168,6504576,+
WBGene00016970,II,6503360,6526333,+
WBGene00019906,II,6509498,6514011,-
WBGene00043984,II,6516359,6518380,+
WBGene00016971,II,6517188,6519845,-
WBGene00016972,II,6526372,6528801,-
WBGene00016973,II,6528933,6531610,-
WBGene00006522,II,6532163,6535455,+
WBGene00007050,II,6536380,6554846,+
WBGene00016974,II,6540217,6544896,-
WBGene00006944,II,6554977,6559267,+
WBGene00017563,II,6559258,6561583,-
WBGene00017559,II,6563796,6565154,-
WBGene00017560,II,6565477,6566728,-
WBGene00017562,II,6567134,6567870,+
WBGene00005053,II,6569014,6570434,+
WBGene00005054,II,6570547,6573777,-
WBGene00005055,II,6574378,6575747,-
WBGene00005057,II,6576974,6578478,-
WBGene00016963,II,6579702,6581336,-
WBGene00016962,II,6583039,6584514,+
WBGene00016964,II,6584409,6587569,-
WBGene00002045,II,6587577,6588679,-
WBGene00016961,II,6589290,6591081,+
WBGene00016965,II,6591048,6592351,-
WBGene00016966,II,6592440,6594251,-
WBGene00001026,II,6594382,6598080,-
WBGene00016967,II,6598349,6601119,-
WBGene00016960,II,6601216,6603449,+
WBGene00016968,II,6603441,6609356,-
WBGene00003480,II,6618218,6622168,+
WBGene00018840,II,6622189,6623500,+
WBGene00255600,II,6623423,6625389,-
WBGene00018841,II,6625949,6627282,-
WBGene00018839,II,6627484,6629270,+
WBGene00020579,II,6631105,6637099,+
WBGene00020580,II,6634902,6636163,-
WBGene00020581,II,6637093,6643117,-
WBGene00020582,II,6647166,6649126,-
WBGene00005052,II,6649789,6651819,-
WBGene00020583,II,6652339,6654384,-
WBGene00020584,II,6655096,6658866,-
WBGene00020578,II,6660274,6660994,+
WBGene00020577,II,6661335,6665206,+
WBGene00020576,II,6666898,6673752,+
WBGene00019273,II,6674268,6679363,+
WBGene00016005,II,6679545,6682971,+
WBGene00016002,II,6684236,6691841,+
WBGene00016003,II,6692748,6695566,-
WBGene00016000,II,6699084,6700482,+
WBGene00016004,II,6700660,6701625,-
WBGene00004507,II,6702233,6705643,-
WBGene00001072,II,6710156,6712931,-
WBGene00001064,II,6714292,6715971,+
WBGene00020501,II,6716863,6717868,+
WBGene00006636,II,6718532,6720294,+
WBGene00020502,II,6720177,6729302,-
WBGene00020503,II,6730207,6733795,-
WBGene00020500,II,6734907,6736110,+
WBGene00020499,II,6736203,6736793,+
WBGene00020498,II,6736904,6741482,+
WBGene00018305,II,6741663,6742819,+
WBGene00018302,II,6742914,6744267,+
WBGene00002098,II,6744339,6744735,-
WBGene00002097,II,6745435,6745960,-
WBGene00018301,II,6746704,6748586,+
WBGene00018303,II,6748632,6749522,-
WBGene00044315,II,6749793,6751029,-
WBGene00044317,II,6751624,6752127,-
WBGene00044316,II,6752352,6752950,-
WBGene00005986,II,6753126,6754774,-
WBGene00001424,II,6755136,6755965,+
WBGene00018300,II,6756476,6758934,+
WBGene00018299,II,6758885,6760385,+
WBGene00018304,II,6760684,6775176,-
WBGene00018298,II,6765034,6765888,+
WBGene00044221,II,6768263,6768953,+
WBGene00020480,II,6777076,6777889,+
WBGene00020482,II,6779464,6781686,+
WBGene00020481,II,6783427,6788255,+
WBGene00020479,II,6789248,6791782,+
WBGene00020478,II,6792191,6799265,+
WBGene00017954,II,6799114,6800154,-
WBGene00006380,II,6803758,6804863,+
WBGene00017955,II,6805022,6807262,-
WBGene00004921,II,6810963,6816443,+
WBGene00017953,II,6828119,6830456,+
WBGene00001194,II,6835021,6847906,+
WBGene00015410,II,6848060,6851531,+
WBGene00206529,II,6852319,6853491,+
WBGene00001023,II,6853464,6858298,-
WBGene00016625,II,6860582,6863752,-
WBGene00016626,II,6868946,6871039,-
WBGene00016627,II,6871376,6872593,-
WBGene00016628,II,6872829,6877089,-
WBGene00016629,II,6879185,6880180,-
WBGene00004058,II,6880701,6883754,-
WBGene00004059,II,6884049,6887805,-
WBGene00016630,II,6888553,6890418,-
WBGene00016632,II,6891709,6893639,-
WBGene00016631,II,6894179,6897540,-
WBGene00016624,II,6898736,6901792,+
WBGene00016623,II,6902095,6902937,+
WBGene00015088,II,6902853,6907757,-
WBGene00000211,II,6910031,6912697,+
WBGene00000886,II,6912543,6913365,-
WBGene00044615,II,6916110,6916963,+
WBGene00015089,II,6917032,6918922,-
WBGene00015087,II,6919680,6923665,+
WBGene00017700,II,6924115,6925951,-
WBGene00017699,II,6928770,6947899,+
WBGene00017701,II,6938585,6938869,-
WBGene00017702,II,6947855,6951300,-
WBGene00000459,II,6951640,6955399,+
WBGene00006605,II,6955402,6965687,-
WBGene00004090,II,6965800,6967648,-
WBGene00015796,II,6967900,6970615,-
WBGene00000198,II,6970668,6972235,-
WBGene00004930,II,6972712,6973892,-
WBGene00015797,II,6976031,6977790,-
WBGene00015795,II,6979953,6988629,+
WBGene00015794,II,6988778,6991797,+
WBGene00006831,II,6994987,7010624,+
WBGene00005025,II,7010798,7012690,-
WBGene00016889,II,7012787,7022509,-
WBGene00016890,II,7022913,7024930,+
WBGene00016888,II,7025802,7030152,+
WBGene00022854,II,7038292,7041685,+
WBGene00022853,II,7042884,7044633,+
WBGene00022855,II,7046041,7050071,-
WBGene00022852,II,7050672,7052001,+
WBGene00022857,II,7052078,7053186,+
WBGene00195239,II,7053036,7053844,+
WBGene00022851,II,7053949,7055208,+
WBGene00022850,II,7055287,7056185,+
WBGene00022856,II,7056173,7058014,-
WBGene00022849,II,7061999,7064777,+
WBGene00001872,II,7065020,7069966,-
WBGene00003784,II,7065618,7067051,+
WBGene00002238,II,7070183,7072415,-
WBGene00002183,II,7073796,7075551,+
WBGene00020166,II,7075614,7077188,+
WBGene00206521,II,7087361,7087875,+
WBGene00020170,II,7089674,7093102,+
WBGene00020163,II,7094159,7099348,+
WBGene00020168,II,7096349,7098593,-
WBGene00020169,II,7099587,7101163,-
WBGene00017349,II,7101218,7105030,-
WBGene00004447,II,7105556,7106462,+
WBGene00017350,II,7106412,7110056,-
WBGene00017347,II,7111978,7112982,+
WBGene00017348,II,7113080,7113732,+
WBGene00017351,II,7113683,7115906,-
WBGene00006893,II,7116557,7120558,+
WBGene00017352,II,7120589,7121782,-
WBGene00017344,II,7122242,7124386,+
WBGene00017343,II,7126757,7129015,+
WBGene00020320,II,7130525,7132055,-
WBGene00001597,II,7132643,7137522,+
WBGene00020319,II,7144607,7147253,+
WBGene00020318,II,7149248,7151760,+
WBGene00016173,II,7152566,7155474,+
WBGene00016172,II,7155581,7160950,+
WBGene00016174,II,7162444,7165841,-
WBGene00000613,II,7167513,7168662,-
WBGene00001129,II,7168817,7171355,-
WBGene00001594,II,7172204,7174936,-
WBGene00003966,II,7183806,7185192,+
WBGene00016175,II,7185277,7187210,-
WBGene00017124,II,7189420,7192507,+
WBGene00017125,II,7192436,7194815,-
WBGene00017123,II,7196276,7197495,+
WBGene00017126,II,7197415,7199565,-
WBGene00017122,II,7200611,7201880,+
WBGene00005134,II,7202016,7203210,-
WBGene00005135,II,7203911,7205051,-
WBGene00005136,II,7205688,7206892,+
WBGene00000971,II,7206990,7208460,-
WBGene00017131,II,7208773,7210287,-
WBGene00017127,II,7210731,7211380,-
WBGene00017128,II,7211625,7212159,-
WBGene00017129,II,7214055,7216957,-
WBGene00017130,II,7217076,7217478,+
WBGene00000530,II,7217955,7225648,-
WBGene00017970,II,7228784,7230616,+
WBGene00017969,II,7232853,7235920,+
WBGene00000169,II,7235834,7238349,-
WBGene00017968,II,7245876,7250181,+
WBGene00004198,II,7250151,7252010,-
WBGene00003078,II,7252230,7253222,-
WBGene00017967,II,7252259,7255735,+
WBGene00017971,II,7256112,7258112,+
WBGene00016276,II,7261648,7263654,+
WBGene00016275,II,7274732,7277223,+
WBGene00016274,II,7290373,7291882,+
WBGene00016277,II,7292192,7296015,-
WBGene00004244,II,7296110,7298247,-
WBGene00016273,II,7299514,7301632,+
WBGene00000839,II,7302101,7305760,+
WBGene00000271,II,7305861,7308738,+
WBGene00018475,II,7308702,7310115,-
WBGene00018474,II,7310348,7313787,+
WBGene00018476,II,7313774,7314181,-
WBGene00017662,II,7318684,7319153,+
WBGene00017663,II,7319910,7323200,-
WBGene00017664,II,7328736,7331324,-
WBGene00003620,II,7339229,7349124,+
WBGene00002008,II,7350121,7352636,-
WBGene00001812,II,7353576,7356426,-
WBGene00018392,II,7358893,7363247,+
WBGene00018393,II,7363216,7364107,-
WBGene00018394,II,7366591,7369049,-
WBGene00018397,II,7369992,7371275,-
WBGene00018395,II,7372594,7374172,-
WBGene00018391,II,7374501,7375237,+
WBGene00018390,II,7375280,7377580,+
WBGene00044673,II,7379177,7379612,+
WBGene00015569,II,7381561,7383499,+
WBGene00015568,II,7387162,7389142,+
WBGene00015567,II,7394765,7397351,+
WBGene00015566,II,7399012,7400540,+
WBGene00003526,II,7400544,7402724,-
WBGene00005133,II,7408492,7410747,+
WBGene00019290,II,7411075,7412030,-
WBGene00019289,II,7425939,7434282,-
WBGene00005132,II,7432696,7434216,+
WBGene00019288,II,7435258,7435785,+
WBGene00021186,II,7446499,7448542,+
WBGene00021187,II,7450511,7451378,-
WBGene00017022,II,7455192,7456284,-
WBGene00017023,II,7456242,7457380,-
WBGene00017024,II,7457667,7458806,-
WBGene00017021,II,7459531,7460076,+
WBGene00005641,II,7460110,7463614,-
WBGene00000101,II,7472729,7478959,-
WBGene00006703,II,7479064,7480713,+
WBGene00000280,II,7480751,7483109,-
WBGene00044300,II,7488242,7489661,-
WBGene00003542,II,7491399,7493699,-
WBGene00019998,II,7494460,7496174,+
WBGene00023416,II,7496247,7497369,+
WBGene00019999,II,7497286,7499475,-
WBGene00016183,II,7505351,7506595,+
WBGene00016184,II,7507319,7513975,-
WBGene00016185,II,7519860,7523368,-
WBGene00044775,II,7523581,7524421,+
WBGene00022889,II,7524467,7525558,-
WBGene00022888,II,7525738,7528241,+
WBGene00022887,II,7529643,7530991,+
WBGene00006947,II,7531145,7533246,+
WBGene00006956,II,7533300,7534563,-
WBGene00022893,II,7535006,7536989,+
WBGene00003592,II,7538187,7543000,+
WBGene00004398,II,7544069,7545335,+
WBGene00022890,II,7546807,7548129,-
WBGene00006600,II,7549335,7551977,+
WBGene00022891,II,7551951,7553906,-
WBGene00044396,II,7554092,7554844,-
WBGene00022892,II,7560925,7561594,-
WBGene00022886,II,7561753,7562701,+
WBGene00018041,II,7570605,7572444,+
WBGene00018040,II,7574431,7575830,+
WBGene00018039,II,7575930,7577582,+
WBGene00194916,II,7577723,7580244,+
WBGene00018042,II,7580270,7583557,-
WBGene00006363,II,7585731,7594912,-
WBGene00019941,II,7597545,7598752,-
WBGene00019940,II,7599657,7608014,+
WBGene00003888,II,7604193,7605401,-
WBGene00019939,II,7608253,7610986,+
WBGene00019943,II,7610986,7613730,-
WBGene00043050,II,7613541,7614434,+
WBGene00000390,II,7616452,7618245,+
WBGene00019944,II,7618238,7620513,-
WBGene00020114,II,7627250,7651295,-
WBGene00017547,II,7658324,7662522,-
WBGene00017548,II,7662706,7663754,-
WBGene00017546,II,7664582,7667110,+
WBGene00003045,II,7667993,7671905,+
WBGene00003044,II,7672010,7682359,+
WBGene00003012,II,7682198,7684760,+
WBGene00017545,II,7684889,7689689,+
WBGene00017549,II,7689710,7690572,-
WBGene00003730,II,7690711,7693957,-
WBGene00015204,II,7695935,7698506,-
WBGene00015205,II,7698613,7699046,-
WBGene00015203,II,7699254,7702012,+
WBGene00015206,II,7701948,7705276,-
WBGene00015207,II,7705536,7707483,-
WBGene00015208,II,7707586,7708725,-
WBGene00005149,II,7709789,7711444,+
WBGene00007044,II,7711871,7718591,-
WBGene00015061,II,7724903,7752715,+
WBGene00015062,II,7752637,7753607,-
WBGene00015063,II,7754147,7755156,-
WBGene00015059,II,7755997,7756907,+
WBGene00015064,II,7757190,7758922,-
WBGene00015065,II,7759710,7761540,-
WBGene00015066,II,7762062,7763669,-
WBGene00005262,II,7763937,7765516,-
WBGene00015517,II,7765545,7772017,-
WBGene00015516,II,7772499,7773914,+
WBGene00015512,II,7773880,7777827,-
WBGene00015513,II,7779297,7781301,-
WBGene00015515,II,7781566,7783354,+
WBGene00004823,II,7783829,7784654,+
WBGene00001615,II,7785100,7794319,-
WBGene00015514,II,7790560,7791375,+
WBGene00000516,II,7811240,7812105,+
WBGene00000517,II,7816509,7820301,+
WBGene00011458,II,7820333,7822554,-
WBGene00005809,II,7825407,7826694,+
WBGene00011640,II,7832391,7832668,+
WBGene00023408,II,7832844,7835414,-
WBGene00002216,II,7842353,7845653,+
WBGene00000046,II,7845662,7849797,-
WBGene00011633,II,7846186,7847666,+
WBGene00011634,II,7852821,7853779,-
WBGene00007014,II,7853880,7855042,-
WBGene00011635,II,7855135,7855719,-
WBGene00011636,II,7855814,7857600,-
WBGene00011641,II,7857811,7858334,+
WBGene00011637,II,7858401,7859781,+
WBGene00002994,II,7860574,7863563,+
WBGene00011638,II,7864074,7866256,+
WBGene00011639,II,7866256,7870162,-
WBGene00011349,II,7870881,7873893,-
WBGene00011348,II,7874242,7878097,-
WBGene00006913,II,7878083,7879406,-
WBGene00011351,II,7879720,7880464,+
WBGene00011350,II,7880812,7882767,+
WBGene00004208,II,7893229,7900510,+
WBGene00014066,II,7900647,7904636,+
WBGene00014989,II,7904639,7907589,-
WBGene00014067,II,7911323,7912113,+
WBGene00014051,II,7912093,7928694,-
WBGene00014052,II,7936592,7938583,-
WBGene00014053,II,7941151,7942610,+
WBGene00014054,II,7942463,7945206,-
WBGene00014055,II,7945501,7946894,-
WBGene00007311,II,7958844,7960237,+
WBGene00008438,II,7976614,7994206,+
WBGene00004005,II,7995587,8003152,-
WBGene00008435,II,8008619,8011633,+
WBGene00008436,II,8012816,8015264,+
WBGene00006996,II,8017669,8020785,+
WBGene00001835,II,8020780,8022561,-
WBGene00007433,II,8022649,8027756,-
WBGene00003813,II,8028953,8032742,-
WBGene00004723,II,8034250,8035767,-
WBGene00007434,II,8035869,8037346,-
WBGene00007436,II,8037316,8038167,-
WBGene00006724,II,8038271,8039597,-
WBGene00007435,II,8040006,8041732,+
WBGene00011507,II,8042589,8047452,+
WBGene00000151,II,8047564,8049105,+
WBGene00011508,II,8049049,8050564,-
WBGene00011509,II,8053137,8054965,+
WBGene00011512,II,8059069,8061464,+
WBGene00006734,II,8062741,8066193,+
WBGene00011510,II,8066111,8068184,+
WBGene00011511,II,8067990,8073372,-
WBGene00010501,II,8075760,8076836,+
WBGene00010503,II,8078457,8080847,+
WBGene00010502,II,8080789,8086849,-
WBGene00003089,II,8088427,8092754,-
WBGene00005150,II,8100375,8102141,-
WBGene00044049,II,8102108,8105052,-
WBGene00008050,II,8105614,8106967,-
WBGene00008054,II,8107645,8108954,+
WBGene00008051,II,8108941,8112163,-
WBGene00002147,II,8112262,8124910,-
WBGene00006832,II,8116356,8122904,+
WBGene00006739,II,8129960,8134742,+
WBGene00008052,II,8134765,8136916,-
WBGene00008053,II,8137880,8141276,+
WBGene00008642,II,8141213,8143478,-
WBGene00004421,II,8143863,8144671,+
WBGene00008639,II,8144762,8147236,+
WBGene00008640,II,8147190,8150030,-
WBGene00006655,II,8154096,8156937,-
WBGene00008643,II,8157362,8158045,+
WBGene00008641,II,8158349,8159925,+
WBGene00001281,II,8159865,8162170,-
WBGene00004510,II,8162465,8168644,+
WBGene00011473,II,8168682,8170358,-
WBGene00219289,II,8169573,8169862,+
WBGene00011467,II,8172229,8173562,-
WBGene00011466,II,8173680,8174866,+
WBGene00000053,II,8174845,8177195,-
WBGene00011468,II,8177578,8180381,-
WBGene00011469,II,8181737,8182309,+
WBGene00003241,II,8182323,8185023,-
WBGene00000377,II,8185443,8187601,+
WBGene00011471,II,8187607,8190528,-
WBGene00011472,II,8191773,8193329,-
WBGene00004264,II,8198803,8204001,+
WBGene00000652,II,8204341,8207491,+
WBGene00010916,II,8208000,8209444,-
WBGene00006658,II,8210662,8212751,-
WBGene00195142,II,8214057,8214469,-
WBGene00010913,II,8214575,8216616,-
WBGene00002066,II,8217231,8222395,+
WBGene00000894,II,8226132,8229122,+
WBGene00010917,II,8231239,8232769,+
WBGene00010915,II,8232789,8237202,+
WBGene00003743,II,8238455,8243747,+
WBGene00009401,II,8244185,8246409,-
WBGene00009402,II,8246776,8248263,+
WBGene00009403,II,8249879,8251980,+
WBGene00009404,II,8253740,8255319,+
WBGene00009406,II,8256313,8257605,+
WBGene00009405,II,8258074,8259210,-
WBGene00010456,II,8264661,8267360,+
WBGene00010457,II,8267253,8269914,-
WBGene00006562,II,8270567,8273611,+
WBGene00001571,II,8273543,8276231,-
WBGene00010459,II,8276298,8277611,+
WBGene00010458,II,8277531,8278515,-
WBGene00010460,II,8278686,8281035,+
WBGene00003821,II,8280855,8283208,-
WBGene00000379,II,8283667,8285711,+
WBGene00008820,II,8294829,8295396,-
WBGene00008819,II,8305745,8321471,-
WBGene00004304,II,8322612,8325052,-
WBGene00007744,II,8325386,8329658,+
WBGene00001840,II,8326852,8328870,-
WBGene00007745,II,8329758,8333481,+
WBGene00023420,II,8334094,8336503,+
WBGene00001159,II,8346690,8350557,+
WBGene00007746,II,8350535,8354700,-
WBGene00000653,II,8358228,8359381,-
WBGene00010948,II,8359712,8363196,+
WBGene00000135,II,8363196,8369159,-
WBGene00010949,II,8376611,8377357,+
WBGene00009904,II,8381497,8383905,+
WBGene00009902,II,8388051,8389891,+
WBGene00009903,II,8391088,8392281,+
WBGene00009901,II,8392571,8394202,-
WBGene00009900,II,8395276,8396141,-
WBGene00009898,II,8398161,8399160,-
WBGene00009897,II,8400299,8404848,-
WBGene00006719,II,8405603,8406924,+
WBGene00005039,II,8407685,8409237,+
WBGene00009899,II,8412671,8416857,+
WBGene00008799,II,8417618,8419758,+
WBGene00195147,II,8420098,8422054,+
WBGene00008800,II,8423951,8428855,-
WBGene00008802,II,8429959,8432054,-
WBGene00008804,II,8432773,8435105,-
WBGene00008801,II,8435347,8437135,-
WBGene00008803,II,8439118,8442151,+
WBGene00001230,II,8442765,8444239,+
WBGene00001358,II,8444307,8445177,+
WBGene00009041,II,8445168,8446831,-
WBGene00009042,II,8449701,8452739,+
WBGene00009043,II,8453254,8454613,-
WBGene00009044,II,8454612,8456194,-
WBGene00006994,II,8457818,8464517,+
WBGene00001498,II,8464848,8467072,+
WBGene00009045,II,8467174,8468010,+
WBGene00010875,II,8468109,8470162,+
WBGene00010880,II,8470079,8471217,-
WBGene00010874,II,8473819,8475568,-
WBGene00010876,II,8475772,8477943,+
WBGene00010877,II,8478010,8480478,-
WBGene00010878,II,8480457,8482216,-
WBGene00010879,II,8482376,8483872,-
WBGene00001523,II,8485879,8487571,+
WBGene00011755,II,8487571,8509055,-
WBGene00010881,II,8494271,8495713,+
WBGene00011756,II,8514118,8516891,+
WBGene00004383,II,8517150,8518412,+
WBGene00011761,II,8518510,8520700,+
WBGene00011757,II,8520905,8523490,+
WBGene00011758,II,8523494,8525396,-
WBGene00011759,II,8525685,8526804,+
WBGene00011760,II,8526799,8531222,-
WBGene00012175,II,8533095,8534363,-
WBGene00012176,II,8536133,8538603,+
WBGene00004155,II,8540720,8545452,+
WBGene00012177,II,8545652,8546854,+
WBGene00012178,II,8547339,8556258,-
WBGene00002065,II,8559394,8561352,-
WBGene00175035,II,8562302,8563759,+
WBGene00006059,II,8563714,8566139,-
WBGene00010041,II,8566508,8566857,-
WBGene00000615,II,8568035,8569089,-
WBGene00004416,II,8569927,8571100,+
WBGene00010042,II,8571085,8572904,+
WBGene00010043,II,8573355,8575045,+
WBGene00004241,II,8575541,8577732,+
WBGene00010044,II,8578049,8581513,+
WBGene00000187,II,8581945,8583080,+
WBGene00010045,II,8583034,8585086,-
WBGene00009202,II,8590984,8593010,+
WBGene00009203,II,8594190,8596294,+
WBGene00009204,II,8596286,8600265,-
WBGene00009205,II,8599508,8600506,+
WBGene00000773,II,8600435,8602479,-
WBGene00004440,II,8602787,8603581,+
WBGene00006307,II,8603846,8606744,+
WBGene00009207,II,8606849,8607749,+
WBGene00009209,II,8607889,8608865,+
WBGene00009208,II,8608876,8610110,-
WBGene00011922,II,8612770,8614426,+
WBGene00011923,II,8614546,8617603,-
WBGene00011924,II,8620397,8621978,-
WBGene00011925,II,8622447,8624254,-
WBGene00011926,II,8625728,8627620,+
WBGene00011927,II,8627573,8630239,-
WBGene00011928,II,8630710,8634464,-
WBGene00006875,II,8636233,8637711,-
WBGene00008432,II,8641381,8648227,+
WBGene00004259,II,8651109,8658808,+
WBGene00008427,II,8659135,8659800,+
WBGene00008431,II,8659782,8661712,-
WBGene00008428,II,8661869,8664721,+
WBGene00008429,II,8664833,8669154,+
WBGene00008430,II,8669133,8684897,-
WBGene00194940,II,8685923,8686579,+
WBGene00007916,II,8691789,8694180,+
WBGene00206355,II,8694427,8695814,-
WBGene00007917,II,8696591,8698928,-
WBGene00007918,II,8699045,8702193,-
WBGene00000432,II,8703368,8703829,-
WBGene00004194,II,8704824,8706768,+
WBGene00007919,II,8707155,8708860,+
WBGene00005172,II,8709069,8710413,-
WBGene00004279,II,8713992,8715013,-
WBGene00000887,II,8715132,8716281,-
WBGene00206502,II,8715397,8715740,+
WBGene00011311,II,8716834,8721691,+
WBGene00011312,II,8722474,8725522,+
WBGene00011314,II,8725533,8729777,-
WBGene00004397,II,8733050,8734314,+
WBGene00011313,II,8736726,8737556,-
WBGene00010681,II,8743725,8747234,+
WBGene00000220,II,8751986,8753939,+
WBGene00010683,II,8754113,8755248,-
WBGene00001505,II,8756291,8758723,-
WBGene00000240,II,8762668,8766922,-
WBGene00010682,II,8767185,8769307,+
WBGene00002295,II,8770975,8782020,+
WBGene00004790,II,8782029,8783670,-
WBGene00008563,II,8790558,8791318,+
WBGene00008557,II,8791927,8792740,-
WBGene00008558,II,8792912,8794162,-
WBGene00008559,II,8801130,8804889,+
WBGene00008560,II,8804835,8807021,-
WBGene00008561,II,8807133,8808582,-
WBGene00009784,II,8808636,8810729,-
WBGene00009783,II,8811353,8812633,+
WBGene00009785,II,8817593,8818426,-
WBGene00009778,II,8820149,8821248,-
WBGene00003544,II,8826069,8828215,+
WBGene00009779,II,8828196,8829287,-
WBGene00009780,II,8836175,8839313,+
WBGene00009782,II,8839325,8840243,+
WBGene00009781,II,8840200,8844515,-
WBGene00011767,II,8845598,8848902,+
WBGene00011768,II,8848843,8852096,-
WBGene00044062,II,8859074,8859696,-
WBGene00011578,II,8860913,8865173,-
WBGene00011579,II,8869549,8874020,-
WBGene00004355,II,8878496,8883659,-
WBGene00045407,II,8883763,8884418,-
WBGene00011580,II,8884901,8889673,+
WBGene00002251,II,8896841,8908666,+
WBGene00007179,II,8910913,8912029,-
WBGene00007180,II,8922423,8924373,+
WBGene00007178,II,8924572,8926678,-
WBGene00000378,II,8927741,8929820,+
WBGene00011883,II,8929841,8930937,+
WBGene00011884,II,8930985,8933833,+
WBGene00011885,II,8934382,8939033,+
WBGene00011887,II,8939204,8940488,-
WBGene00011886,II,8940894,8942718,+
WBGene00011888,II,8942674,8947688,-
WBGene00007690,II,8955240,8964149,-
WBGene00000286,II,8960714,8961577,+
WBGene00007684,II,8964238,8964901,-
WBGene00007683,II,8965006,8966919,+
WBGene00004105,II,8966921,8969473,-
WBGene00007685,II,8969980,8971967,+
WBGene00007686,II,8971965,8973566,-
WBGene00007687,II,8978475,8982678,-
WBGene00007688,II,8985900,8988062,-
WBGene00007689,II,8988359,8989544,-
WBGene00003870,II,8993169,8994533,+
WBGene00009711,II,8994636,8996269,+
WBGene00009712,II,8996364,8997037,+
WBGene00009713,II,8997027,8997662,-
WBGene00006514,II,8997827,8999722,+
WBGene00009714,II,8999727,9000431,-
WBGene00009715,II,9000872,9001793,-
WBGene00009716,II,9002527,9005167,-
WBGene00009717,II,9005796,9019775,-
WBGene00009504,II,9026968,9029263,-
WBGene00001527,II,9035562,9038301,-
WBGene00009505,II,9039820,9041406,-
WBGene00011980,II,9042180,9053824,-
WBGene00011976,II,9054972,9056504,+
WBGene00004446,II,9056499,9057111,-
WBGene00011977,II,9059389,9061138,-
WBGene00011978,II,9063687,9070904,-
WBGene00011979,II,9082626,9083146,-
WBGene00001950,II,9086608,9087917,+
WBGene00007421,II,9091109,9093696,-
WBGene00000532,II,9094710,9098605,-
WBGene00012000,II,9099371,9100639,+
WBGene00012003,II,9101098,9105451,+
WBGene00012004,II,9106515,9107145,-
WBGene00001041,II,9107382,9108600,-
WBGene00012002,II,9109534,9111240,+
WBGene00012005,II,9113219,9132213,+
WBGene00007633,II,9131663,9134543,+
WBGene00195143,II,9136202,9137554,+
WBGene00195144,II,9138103,9138475,+
WBGene00012421,II,9139651,9145352,+
WBGene00012422,II,9146261,9146641,+
WBGene00012322,II,9148356,9152311,+
WBGene00000654,II,9152531,9154310,+
WBGene00012323,II,9158108,9159874,+
WBGene00012324,II,9161379,9163448,+
WBGene00012325,II,9163368,9165800,-
WBGene00011966,II,9165929,9167830,-
WBGene00011965,II,9167933,9172991,-
WBGene00001061,II,9169910,9172565,+
WBGene00004752,II,9173175,9177152,-
WBGene00011967,II,9177300,9178585,+
WBGene00006367,II,9178514,9188480,-
WBGene00006659,II,9191090,9194295,-
WBGene00002299,II,9197518,9207210,+
WBGene00014210,II,9210376,9213100,+
WBGene00014208,II,9213658,9222798,+
WBGene00014209,II,9223269,9225176,+
WBGene00004174,II,9225186,9227261,-
WBGene00001761,II,9231457,9232340,+
WBGene00012032,II,9233223,9236202,+
WBGene00012033,II,9236583,9249123,+
WBGene00012035,II,9245905,9246811,-
WBGene00012034,II,9249048,9250522,-
WBGene00044006,II,9251788,9254312,-
WBGene00000170,II,9258913,9261994,-
WBGene00007224,II,9267336,9268303,+
WBGene00007225,II,9269888,9271267,+
WBGene00007226,II,9271265,9273042,-
WBGene00007227,II,9275024,9280098,-
WBGene00006510,II,9285932,9289136,+
WBGene00007228,II,9292017,9294050,+
WBGene00007229,II,9294029,9295753,-
WBGene00000289,II,9295918,9310304,-
WBGene00008403,II,9317551,9319627,-
WBGene00008402,II,9319865,9321888,+
WBGene00004286,II,9321858,9322916,-
WBGene00006520,II,9323955,9324873,+
WBGene00001134,II,9324874,9329665,+
WBGene00008404,II,9329757,9331510,+
WBGene00001229,II,9331643,9333925,+
WBGene00004744,II,9334014,9338896,+
WBGene00008405,II,9338890,9341394,+
WBGene00009626,II,9341397,9346590,-
WBGene00006433,II,9350648,9352801,-
WBGene00009627,II,9353000,9354327,+
WBGene00003196,II,9358531,9369098,+
WBGene00007374,II,9369178,9372485,-
WBGene00007375,II,9373291,9374889,+
WBGene00175031,II,9375107,9375848,+
WBGene00044169,II,9375845,9377258,-
WBGene00014668,II,9376455,9378242,+
WBGene00005271,II,9380822,9384995,+
WBGene00007377,II,9385541,9386537,+
WBGene00007378,II,9386584,9390900,-
WBGene00013091,II,9395493,9397596,-
WBGene00206481,II,9397812,9398500,-
WBGene00013090,II,9398866,9399828,+
WBGene00013089,II,9400053,9400567,+
WBGene00013088,II,9400717,9403187,-
WBGene00013087,II,9404146,9404779,+
WBGene00013085,II,9405539,9407114,-
WBGene00013086,II,9407769,9409017,+
WBGene00014813,II,9409341,9411597,-
WBGene00006429,II,9412565,9414144,+
WBGene00010941,II,9414559,9416431,-
WBGene00010942,II,9417013,9418316,+
WBGene00010943,II,9420178,9422196,+
WBGene00010947,II,9422269,9423296,+
WBGene00010946,II,9423331,9426173,-
WBGene00010944,II,9426229,9427744,-
WBGene00002199,II,9431383,9433709,-
WBGene00002200,II,9434021,9436120,-
WBGene00010945,II,9436649,9438327,-
WBGene00011159,II,9438609,9440160,-
WBGene00011158,II,9440441,9441959,-
WBGene00011157,II,9442168,9443629,-
WBGene00011169,II,9443827,9445468,-
WBGene00011161,II,9448273,9449726,+
WBGene00011168,II,9450028,9452263,-
WBGene00011162,II,9452701,9454404,-
WBGene00011163,II,9455417,9456617,-
WBGene00011170,II,9459021,9459562,-
WBGene00011164,II,9460128,9462260,-
WBGene00011166,II,9464470,9466195,-
WBGene00011167,II,9466960,9468477,-
WBGene00044807,II,9469119,9470082,-
WBGene00011846,II,9472691,9474467,-
WBGene00011847,II,9475055,9476375,+
WBGene00011848,II,9477867,9479536,+
WBGene00045414,II,9479641,9480106,-
WBGene00011849,II,9486377,9488260,-
WBGene00001530,II,9502757,9507281,-
WBGene00001529,II,9507604,9512095,-
WBGene00001528,II,9512490,9516936,-
WBGene00007080,II,9517567,9518876,-
WBGene00007081,II,9519055,9520205,+
WBGene00005027,II,9520200,9521670,-
WBGene00219290,II,9523170,9523534,+
WBGene00003231,II,9524174,9526390,+
WBGene00005028,II,9528780,9529862,+
WBGene00005035,II,9532299,9533974,+
WBGene00005034,II,9537729,9539085,+
WBGene00005029,II,9539274,9540823,-
WBGene00005030,II,9541601,9542885,-
WBGene00005033,II,9544686,9546208,+
WBGene00005032,II,9548405,9549698,-
WBGene00219291,II,9551836,9552393,+
WBGene00009446,II,9552631,9553279,-
WBGene00009447,II,9555503,9557532,+
WBGene00009448,II,9557646,9559516,+
WBGene00009449,II,9559497,9560029,-
WBGene00001368,II,9575971,9581490,+
WBGene00006938,II,9581756,9583548,-
WBGene00009450,II,9584384,9586815,-
WBGene00008456,II,9588212,9589767,-
WBGene00008455,II,9589865,9591221,-
WBGene00006473,II,9591292,9592936,+
WBGene00004050,II,9593037,9595128,+
WBGene00008457,II,9595224,9596598,+
WBGene00008458,II,9596701,9597528,+
WBGene00008459,II,9597622,9598201,+
WBGene00003618,II,9598197,9605526,-
WBGene00011791,II,9607533,9609396,-
WBGene00011790,II,9610678,9611372,-
WBGene00011789,II,9611873,9613403,+
WBGene00001952,II,9613463,9614812,-
WBGene00011788,II,9615800,9617125,-
WBGene00001038,II,9617426,9624176,-
WBGene00014249,II,9624590,9626641,+
WBGene00014248,II,9636628,9640170,+
WBGene00001510,II,9640167,9644466,-
WBGene00005026,II,9647887,9649367,+
WBGene00014250,II,9649491,9650959,+
WBGene00014247,II,9650959,9651800,-
WBGene00014246,II,9652308,9653019,-
WBGene00014245,II,9653109,9653952,-
WBGene00014244,II,9654345,9655616,-
WBGene00014251,II,9656689,9657719,+
WBGene00014252,II,9657876,9659002,-
WBGene00014253,II,9659246,9660442,-
WBGene00014254,II,9660839,9663007,-
WBGene00014255,II,9663616,9665664,-
WBGene00014259,II,9667624,9668555,+
WBGene00006390,II,9669324,9671499,+
WBGene00014256,II,9671608,9673263,+
WBGene00000180,II,9674978,9677210,+
WBGene00044007,II,9680798,9683089,+
WBGene00014258,II,9684088,9686713,-
WBGene00003749,II,9689664,9691939,-
WBGene00044158,II,9698281,9700463,-
WBGene00013142,II,9700543,9701839,+
WBGene00013140,II,9701402,9703732,-
WBGene00175030,II,9703812,9704789,-
WBGene00013139,II,9704882,9706240,-
WBGene00001623,II,9706483,9708885,-
WBGene00006940,II,9713737,9716467,-
WBGene00013141,II,9717478,9717775,-
WBGene00194906,II,9717669,9718698,-
WBGene00013145,II,9721828,9724526,-
WBGene00003100,II,9732137,9738035,+
WBGene00013144,II,9738982,9742884,-
WBGene00013143,II,9742982,9746074,-
WBGene00003785,II,9746316,9750454,+
WBGene00013146,II,9750442,9752317,-
WBGene00014260,II,9754030,9754967,+
WBGene00014261,II,9758234,9768265,+
WBGene00000178,II,9768357,9769847,-
WBGene00014262,II,9770759,9774292,-
WBGene00011678,II,9775146,9775883,-
WBGene00011677,II,9779182,9781950,-
WBGene00219214,II,9782219,9782437,-
WBGene00011676,II,9783403,9787419,-
WBGene00011675,II,9788801,9793284,-
WBGene00011671,II,9795848,9797740,-
WBGene00011672,II,9798277,9800363,-
WBGene00011673,II,9800761,9802721,-
WBGene00000372,II,9803620,9805510,+
WBGene00011674,II,9805627,9807532,-
WBGene00013147,II,9826513,9827926,-
WBGene00014158,II,9829408,9830753,+
WBGene00014160,II,9831648,9834364,-
WBGene00014161,II,9835221,9836925,+
WBGene00014159,II,9837089,9838305,-
WBGene00270290,II,9839191,9840288,-
WBGene00014163,II,9841067,9842036,-
WBGene00014162,II,9843380,9847006,-
WBGene00003863,II,9847483,9849597,-
WBGene00202513,II,9850310,9850826,-
WBGene00007469,II,9853811,9855695,-
WBGene00007471,II,9855936,9857857,-
WBGene00007470,II,9858110,9859639,-
WBGene00007467,II,9859784,9861473,-
WBGene00206395,II,9861946,9862247,-
WBGene00007465,II,9862431,9866404,-
WBGene00003862,II,9866648,9868736,-
WBGene00007472,II,9869456,9871172,-
WBGene00007473,II,9871608,9872986,-
WBGene00007466,II,9873249,9874521,-
WBGene00007462,II,9875179,9878008,+
WBGene00007474,II,9881193,9882530,+
WBGene00007464,II,9882728,9886442,-
WBGene00007463,II,9886557,9891081,-
WBGene00086566,II,9892778,9894370,+
WBGene00009146,II,9895538,9897351,+
WBGene00006744,II,9897754,9900376,-
WBGene00009147,II,9903059,9915099,-
WBGene00044159,II,9915438,9916289,-
WBGene00086567,II,9917122,9917943,-
WBGene00007328,II,9918125,9920568,-
WBGene00007329,II,9922248,9930830,+
WBGene00007331,II,9931845,9934443,+
WBGene00007330,II,9934403,9936893,-
WBGene00007334,II,9938106,9938971,-
WBGene00007332,II,9939040,9940432,+
WBGene00007333,II,9940758,9944006,+
WBGene00011271,II,9944026,9947121,+
WBGene00001207,II,9955185,9962344,+
WBGene00011272,II,9962966,9967132,-
WBGene00011273,II,9967277,9968049,-
WBGene00011275,II,9968659,9969631,+
WBGene00011274,II,9969620,9970515,-
WBGene00011276,II,9971035,9975125,-
WBGene00011277,II,9976705,9977877,+
WBGene00014130,II,9978765,9980076,-
WBGene00014131,II,9980886,9981752,-
WBGene00002266,II,9991160,10000350,+
WBGene00003773,II,10000335,10001198,-
WBGene00014127,II,10001846,10003987,+
WBGene00014128,II,10006642,10008089,+
WBGene00014129,II,10008217,10009401,+
WBGene00002265,II,10009608,10016183,-
WBGene00009948,II,10026595,10027966,-
WBGene00009947,II,10030195,10030970,+
WBGene00009944,II,10030895,10033213,-
WBGene00002497,II,10033309,10039980,-
WBGene00009946,II,10041134,10042515,+
WBGene00009945,II,10042780,10045270,-
WBGene00001447,II,10054623,10055594,+
WBGene00007670,II,10056311,10060582,-
WBGene00007669,II,10056988,10058993,+
WBGene00000995,II,10061287,10074443,-
WBGene00014164,II,10094873,10098785,+
WBGene00003928,II,10098782,10099867,-
WBGene00014165,II,10100310,10103059,+
WBGene00014166,II,10102975,10105704,-
WBGene00014168,II,10106080,10106970,-
WBGene00014169,II,10107473,10108477,-
WBGene00014170,II,10108702,10109081,+
WBGene00003058,II,10109279,10121825,-
WBGene00044035,II,10122765,10125015,+
WBGene00044027,II,10125898,10127455,-
WBGene00009194,II,10128254,10131860,-
WBGene00206354,II,10134945,10135829,+
WBGene00004017,II,10137658,10139216,+
WBGene00009192,II,10139590,10141406,+
WBGene00009193,II,10141457,10144192,-
WBGene00003939,II,10146746,10152445,+
WBGene00044028,II,10155413,10156220,+
WBGene00000914,II,10157537,10169346,-
WBGene00001686,II,10171255,10172497,+
WBGene00009364,II,10172923,10174346,+
WBGene00009365,II,10174572,10180183,+
WBGene00005079,II,10180199,10182734,-
WBGene00005080,II,10185789,10187908,-
WBGene00000389,II,10188263,10189469,-
WBGene00011041,II,10192529,10193451,+
WBGene00005071,II,10194905,10196835,+
WBGene00011038,II,10197625,10198324,+
WBGene00011039,II,10198309,10199768,-
WBGene00011040,II,10199810,10200819,-
WBGene00011331,II,10206715,10209391,+
WBGene00004334,II,10218471,10220025,+
WBGene00004038,II,10222877,10229440,+
WBGene00005352,II,10226043,10227130,-
WBGene00011335,II,10231272,10236014,+
WBGene00011336,II,10233833,10234498,-
WBGene00003177,II,10236936,10239695,-
WBGene00011334,II,10240277,10242490,-
WBGene00011333,II,10242595,10247638,-
WBGene00010015,II,10248991,10251165,+
WBGene00010013,II,10251266,10268168,+
WBGene00010014,II,10268143,10270152,-
WBGene00175034,II,10270387,10271193,-
WBGene00014175,II,10278732,10280459,-
WBGene00014171,II,10283466,10300132,-
WBGene00014172,II,10300789,10302859,-
WBGene00007022,II,10301163,10301888,+
WBGene00006918,II,10303007,10303713,-
WBGene00001531,II,10304139,10308826,-
WBGene00014174,II,10309418,10310068,+
WBGene00001532,II,10310400,10316219,-
WBGene00014173,II,10312293,10312943,+
WBGene00194935,II,10317297,10317631,+
WBGene00010832,II,10318228,10319970,+
WBGene00010831,II,10321460,10324850,+
WBGene00010830,II,10326041,10335807,+
WBGene00007413,II,10339692,10345112,-
WBGene00007420,II,10346375,10347001,+
WBGene00007412,II,10346981,10350007,-
WBGene00007419,II,10350760,10351613,+
WBGene00007418,II,10352263,10353463,+
WBGene00007414,II,10353584,10357518,-
WBGene00007415,II,10360871,10362915,+
WBGene00007416,II,10363584,10365709,-
WBGene00007417,II,10367741,10369597,-
WBGene00011661,II,10385333,10388133,+
WBGene00011662,II,10391154,10393614,+
WBGene00001683,II,10394114,10395349,+
WBGene00011663,II,10395707,10396756,+
WBGene00011664,II,10396878,10399320,+
WBGene00008484,II,10411289,10412670,+
WBGene00008480,II,10416786,10419237,+
WBGene00008481,II,10419230,10422026,-
WBGene00008482,II,10436144,10440087,+
WBGene00008483,II,10440286,10442515,+
WBGene00014057,II,10443327,10445233,+
WBGene00014058,II,10448266,10450222,+
WBGene00003038,II,10450607,10452004,+
WBGene00014060,II,10452920,10455200,+
WBGene00014065,II,10457786,10462672,+
WBGene00014061,II,10461507,10461947,+
WBGene00014062,II,10462870,10464330,-
WBGene00014064,II,10464870,10465298,+
WBGene00006583,II,10466852,10468344,+
WBGene00014063,II,10468351,10470297,-
WBGene00014041,II,10470934,10471347,-
WBGene00014042,II,10471696,10471890,-
WBGene00014043,II,10474221,10476139,-
WBGene00014044,II,10477259,10477693,+
WBGene00014045,II,10478022,10479448,-
WBGene00014046,II,10480152,10481846,-
WBGene00014049,II,10482585,10484473,+
WBGene00195145,II,10487038,10488281,+
WBGene00014047,II,10488747,10490514,-
WBGene00014048,II,10491662,10493134,-
WBGene00194952,II,10494807,10495671,+
WBGene00014050,II,10496212,10496703,+
WBGene00004134,II,10496987,10502541,-
WBGene00010318,II,10507269,10509932,-
WBGene00010319,II,10510542,10512991,+
WBGene00010320,II,10513827,10519108,-
WBGene00010321,II,10521788,10523191,-
WBGene00010322,II,10523274,10524474,-
WBGene00003107,II,10528084,10533880,+
WBGene00011302,II,10534332,10537671,-
WBGene00011303,II,10537799,10539332,-
WBGene00004185,II,10539438,10541996,-
WBGene00011304,II,10542428,10555044,-
WBGene00007352,II,10560018,10563407,-
WBGene00007356,II,10564175,10564678,-
WBGene00044235,II,10564891,10565401,+
WBGene00007353,II,10570602,10572530,+
WBGene00007354,II,10572247,10574067,+
WBGene00007355,II,10579366,10579955,+
WBGene00007555,II,10579955,10581045,+
WBGene00000933,II,10581133,10582519,+
WBGene00007564,II,10582618,10584236,+
WBGene00007556,II,10584336,10587928,+
WBGene00000796,II,10588042,10592652,+
WBGene00000798,II,10592752,10593591,+
WBGene00007557,II,10593529,10594776,-
WBGene00007558,II,10595266,10596562,-
WBGene00007559,II,10597174,10598100,-
WBGene00007560,II,10599337,10600529,+
WBGene00005713,II,10600599,10602276,-
WBGene00006397,II,10605030,10605612,-
WBGene00007561,II,10605717,10607275,-
WBGene00007562,II,10613020,10618332,+
WBGene00007563,II,10618471,10620503,+
WBGene00010893,II,10622265,10625943,+
WBGene00010899,II,10628263,10633216,+
WBGene00010894,II,10633476,10639112,+
WBGene00010900,II,10639410,10643536,+
WBGene00010895,II,10643703,10646978,+
WBGene00010901,II,10647480,10648676,+
WBGene00010898,II,10648938,10652256,-
WBGene00010897,II,10652353,10657841,-
WBGene00010896,II,10658027,10658626,-
WBGene00004704,II,10659206,10662317,+
WBGene00008433,II,10660225,10660959,-
WBGene00271706,II,10662256,10662781,-
WBGene00008434,II,10663605,10665131,-
WBGene00004207,II,10675602,10690271,+
WBGene00001522,II,10690452,10693863,-
WBGene00001586,II,10695013,10702524,+
WBGene00007488,II,10702509,10714297,-
WBGene00000655,II,10703596,10704572,+
WBGene00000616,II,10704902,10706019,+
WBGene00000656,II,10707201,10708286,+
WBGene00000251,II,10708765,10712156,+
WBGene00007489,II,10714886,10716416,+
WBGene00206538,II,10717336,10719579,+
WBGene00007490,II,10720231,10729252,+
WBGene00008256,II,10729804,10731627,-
WBGene00008257,II,10737402,10738628,+
WBGene00003404,II,10738635,10775061,-
WBGene00002297,II,10778389,10783962,-
WBGene00000411,II,10785452,10787272,+
WBGene00011072,II,10787312,10787914,+
WBGene00011067,II,10788106,10793493,-
WBGene00011068,II,10793575,10796294,-
WBGene00003805,II,10796646,10798479,-
WBGene00011069,II,10805739,10808523,+
WBGene00269421,II,10809279,10809847,+
WBGene00011070,II,10811016,10812188,+
WBGene00011071,II,10812949,10819978,-
WBGene00001153,II,10821015,10822443,+
WBGene00023418,II,10822328,10824081,-
WBGene00003367,II,10824294,10841424,+
WBGene00014848,II,10827716,10829556,-
WBGene00077658,II,10841386,10843625,-
WBGene00010910,II,10844313,10855554,-
WBGene00044924,II,10855642,10857177,-
WBGene00010911,II,10857473,10860909,-
WBGene00010912,II,10863682,10868714,-
WBGene00000293,II,10869196,10870827,+
WBGene00000880,II,10870779,10872611,-
WBGene00010333,II,10872879,10873796,+
WBGene00003882,II,10873931,10877934,+
WBGene00009700,II,10880925,10882427,+
WBGene00009701,II,10882408,10884462,-
WBGene00009702,II,10884705,10885878,-
WBGene00004222,II,10889279,10893288,+
WBGene00005036,II,10893275,10895088,-
WBGene00001626,II,10900042,10902204,-
WBGene00005038,II,10902756,10904479,-
WBGene00005037,II,10908808,10910319,-
WBGene00194850,II,10914783,10915314,+
WBGene00009704,II,10915280,10915832,-
WBGene00009705,II,10915901,10917274,-
WBGene00006530,II,10918706,10920202,+
WBGene00012489,II,10922672,10922974,-
WBGene00012490,II,10923716,10924595,+
WBGene00010988,II,10926561,10931075,+
WBGene00010989,II,10932741,10935140,-
WBGene00219205,II,10942527,10943417,+
WBGene00010990,II,10943390,10945660,-
WBGene00010991,II,10947610,10949184,+
WBGene00001753,II,10950350,10951604,+
WBGene00003783,II,10951879,10953165,-
WBGene00010992,II,10953594,10956878,-
WBGene00004215,II,10968386,11012247,+
WBGene00000657,II,11012397,11013820,-
WBGene00004300,II,11015588,11016881,-
WBGene00002957,II,11022370,11027909,+
WBGene00009355,II,11023834,11025666,-
WBGene00003756,II,11027962,11030404,-
WBGene00009356,II,11036074,11039471,+
WBGene00000472,II,11039348,11041206,-
WBGene00000658,II,11044135,11045968,-
WBGene00009352,II,11045786,11049030,-
WBGene00009353,II,11049144,11049913,-
WBGene00009354,II,11050260,11058102,+
WBGene00009729,II,11052140,11055303,-
WBGene00006788,II,11058096,11089456,-
WBGene00004455,II,11092713,11093871,+
WBGene00007504,II,11095048,11096475,-
WBGene00004454,II,11096542,11097204,-
WBGene00003831,II,11097841,11100146,+
WBGene00043120,II,11100141,11100462,+
WBGene00007499,II,11100479,11103779,-
WBGene00007503,II,11104462,11106046,+
WBGene00007500,II,11106616,11108070,+
WBGene00007501,II,11108159,11109583,+
WBGene00007502,II,11109584,11111169,-
WBGene00003133,II,11112719,11120788,+
WBGene00044160,II,11120882,11121900,-
WBGene00004478,II,11125371,11126362,-
WBGene00003076,II,11126932,11127530,+
WBGene00009575,II,11127634,11129256,+
WBGene00009576,II,11129289,11130187,+
WBGene00044917,II,11130275,11130698,+
WBGene00044916,II,11130690,11132648,-
WBGene00009578,II,11132861,11135140,-
WBGene00009577,II,11139407,11140275,-
WBGene00009579,II,11142751,11150381,+
WBGene00004096,II,11150299,11152600,-
WBGene00004227,II,11157094,11162481,-
WBGene00009511,II,11171446,11175479,-
WBGene00194956,II,11175978,11176205,+
WBGene00194955,II,11176285,11176748,-
WBGene00009512,II,11181654,11183147,+
WBGene00003046,II,11183075,11184807,-
WBGene00009513,II,11186028,11188080,+
WBGene00009514,II,11188206,11189437,+
WBGene00011522,II,11203221,11220642,+
WBGene00011524,II,11222305,11226548,+
WBGene00011523,II,11226679,11232835,+
WBGene00011526,II,11232756,11234952,-
WBGene00011527,II,11235053,11236450,-
WBGene00011528,II,11236624,11237323,-
WBGene00004465,II,11237447,11239092,-
WBGene00011529,II,11239407,11240988,+
WBGene00011530,II,11240932,11247514,-
WBGene00011465,II,11257081,11258506,+
WBGene00011464,II,11260087,11261256,-
WBGene00000851,II,11269124,11271599,+
WBGene00006853,II,11281986,11283953,+
WBGene00008164,II,11288690,11290159,-
WBGene00008165,II,11290843,11293606,-
WBGene00008166,II,11297700,11301254,+
WBGene00006414,II,11301359,11302783,+
WBGene00011994,II,11302891,11305683,+
WBGene00011995,II,11306399,11311940,+
WBGene00011999,II,11312460,11313346,+
WBGene00011996,II,11313331,11314265,-
WBGene00011997,II,11319241,11319691,-
WBGene00007041,II,11323051,11329429,-
WBGene00005016,II,11336693,11337837,-
WBGene00007190,II,11338451,11339620,-
WBGene00007191,II,11340134,11343530,-
WBGene00007192,II,11343716,11345743,-
WBGene00007193,II,11345943,11348248,-
WBGene00007189,II,11348430,11349946,+
WBGene00007194,II,11350192,11351373,+
WBGene00000529,II,11358447,11370311,+
WBGene00007891,II,11370315,11372145,-
WBGene00007892,II,11375608,11376269,-
WBGene00007893,II,11383327,11384570,+
WBGene00006444,II,11384594,11390862,-
WBGene00044029,II,11410091,11412280,+
WBGene00007339,II,11412232,11415820,-
WBGene00007340,II,11418314,11423393,+
WBGene00014666,II,11424830,11430607,+
WBGene00007341,II,11431709,11432766,+
WBGene00007342,II,11434221,11434958,+
WBGene00006915,II,11435212,11438464,-
WBGene00012155,II,11439177,11439762,-
WBGene00012156,II,11442693,11444009,+
WBGene00012157,II,11444162,11445255,+
WBGene00043534,II,11445289,11448895,+
WBGene00012201,II,11448965,11451445,+
WBGene00004699,II,11451444,11452955,-
WBGene00004698,II,11453362,11455864,+
WBGene00012202,II,11455759,11459356,-
WBGene00000196,II,11460215,11464129,-
WBGene00012203,II,11464892,11468653,+
WBGene00002227,II,11465940,11467641,-
WBGene00044026,II,11468552,11469624,-
WBGene00012204,II,11470010,11472033,-
WBGene00012205,II,11472135,11473571,-
WBGene00012206,II,11473861,11476019,+
WBGene00195148,II,11476058,11476515,-
WBGene00012207,II,11476757,11479176,-
WBGene00006660,II,11483201,11485359,-
WBGene00007142,II,11485510,11486774,-
WBGene00007149,II,11488302,11489619,+
WBGene00007143,II,11489605,11493039,-
WBGene00003868,II,11493231,11495321,-
WBGene00007144,II,11495692,11496663,+
WBGene00195248,II,11496780,11497993,+
WBGene00007145,II,11497665,11499620,+
WBGene00219293,II,11499643,11500464,-
WBGene00007146,II,11510673,11513890,+
WBGene00005267,II,11515075,11518154,+
WBGene00007148,II,11518488,11519571,+
WBGene00000090,II,11519323,11527062,-
WBGene00013388,II,11521599,11523196,+
WBGene00007013,II,11527172,11533814,-
WBGene00077453,II,11533925,11534479,-
WBGene00013387,II,11535165,11538841,-
WBGene00010055,II,11538904,11540630,-
WBGene00010054,II,11540772,11542579,-
WBGene00010053,II,11542636,11544875,-
WBGene00001031,II,11545563,11547366,+
WBGene00010052,II,11547481,11549313,+
WBGene00195146,II,11555884,11557188,+
WBGene00010057,II,11558715,11564227,-
WBGene00010051,II,11564385,11567020,-
WBGene00219434,II,11568654,11569242,-
WBGene00010050,II,11569818,11571002,+
WBGene00010049,II,11571805,11573025,+
WBGene00010048,II,11573180,11575000,+
WBGene00003960,II,11574940,11577258,-
WBGene00010056,II,11578716,11582758,+
WBGene00008361,II,11582849,11588536,+
WBGene00008545,II,11588464,11592060,-
WBGene00008546,II,11592392,11596590,-
WBGene00003791,II,11596767,11599809,-
WBGene00008547,II,11603956,11611532,+
WBGene00008548,II,11612257,11614391,+
WBGene00008549,II,11614636,11633609,-
WBGene00002194,II,11640454,11641778,+
WBGene00013923,II,11646747,11649139,+
WBGene00013925,II,11649096,11651213,-
WBGene00013924,II,11651261,11652906,-
WBGene00004468,II,11653096,11654194,+
WBGene00013926,II,11654214,11657172,-
WBGene00007028,II,11661583,11675927,-
WBGene00008136,II,11676306,11679197,+
WBGene00008137,II,11679091,11681068,-
WBGene00008138,II,11681825,11682881,+
WBGene00008139,II,11683479,11685289,-
WBGene00002184,II,11688970,11696003,+
WBGene00006617,II,11691326,11695657,-
WBGene00008140,II,11696171,11705371,+
WBGene00012148,II,11698317,11700300,-
WBGene00012149,II,11705989,11713610,+
WBGene00008743,II,11707452,11709587,-
WBGene00008744,II,11713721,11716785,+
WBGene00008739,II,11720444,11722308,+
WBGene00002262,II,11724204,11726533,+
WBGene00008740,II,11726814,11728541,+
WBGene00000114,II,11728949,11731226,+
WBGene00008742,II,11731165,11732594,-
WBGene00008741,II,11739456,11742876,+
WBGene00001679,II,11742814,11748611,-
WBGene00009691,II,11757106,11759323,-
WBGene00009692,II,11759640,11761853,+
WBGene00009690,II,11762166,11765662,-
WBGene00009689,II,11766772,11768622,+
WBGene00206377,II,11771978,11774039,+
WBGene00009688,II,11774144,11774559,-
WBGene00009661,II,11774669,11777943,-
WBGene00001016,II,11778435,11782231,+
WBGene00219294,II,11782195,11782579,-
WBGene00009657,II,11790759,11797322,+
WBGene00009663,II,11799037,11802412,+
WBGene00219378,II,11802751,11803978,+
WBGene00005013,II,11806567,11808805,+
WBGene00009662,II,11809347,11810307,+
WBGene00009659,II,11810790,11811665,+
WBGene00009660,II,11812294,11814113,-
WBGene00009658,II,11814839,11816706,-
WBGene00012396,II,11818248,11819924,-
WBGene00012395,II,11821315,11823616,-
WBGene00003979,II,11827933,11830020,-
WBGene00012086,II,11831062,11832575,-
WBGene00194848,II,11835634,11837523,+
WBGene00012085,II,11842617,11846026,+
WBGene00000528,II,11846508,11854743,-
WBGene00010787,II,11861029,11863420,+
WBGene00010786,II,11863525,11865506,-
WBGene00003789,II,11865523,11874702,-
WBGene00000659,II,11868535,11869688,+
WBGene00010785,II,11875145,11880588,+
WBGene00014155,II,11882614,11883685,+
WBGene00014156,II,11885588,11886601,+
WBGene00014152,II,11890992,11893423,-
WBGene00014153,II,11897365,11901210,-
WBGene00014154,II,11906517,11908601,+
WBGene00014151,II,11908714,11915852,-
WBGene00014157,II,11914566,11915362,+
WBGene00001977,II,11916513,11917643,+
WBGene00003015,II,11917642,11935343,-
WBGene00012223,II,11948727,11949474,+
WBGene00012222,II,11953239,11960743,+
WBGene00012219,II,11960989,11962128,-
WBGene00012220,II,11962111,11965258,+
WBGene00004271,II,11965339,11966931,-
WBGene00012221,II,11967048,11967533,-
WBGene00003228,II,11968637,11972334,+
WBGene00012457,II,11972310,11973732,-
WBGene00012472,II,11975190,11977659,-
WBGene00012471,II,11977784,11979859,-
WBGene00012458,II,11979838,11989017,+
WBGene00012459,II,11989024,11992823,+
WBGene00012460,II,11993001,11998009,+
WBGene00044030,II,11999260,12001422,+
WBGene00003154,II,12001510,12006625,-
WBGene00012461,II,12009077,12023825,+
WBGene00012465,II,12023861,12025932,+
WBGene00012462,II,12025887,12027747,-
WBGene00000892,II,12028763,12036742,-
WBGene00006601,II,12036842,12039139,-
WBGene00012466,II,12042910,12049260,+
WBGene00012463,II,12049583,12059866,+
WBGene00012464,II,12060228,12062621,-
WBGene00012467,II,12065085,12067568,+
WBGene00012473,II,12068099,12070675,+
WBGene00000565,II,12072082,12088868,-
WBGene00012468,II,12092422,12099989,-
WBGene00012469,II,12103331,12107857,-
WBGene00012470,II,12108273,12112552,-
WBGene00012841,II,12113224,12113848,-
WBGene00012845,II,12114971,12130968,-
WBGene00012844,II,12120406,12121030,+
WBGene00013246,II,12133535,12147134,+
WBGene00013247,II,12147633,12150216,+
WBGene00013248,II,12150892,12151877,+
WBGene00013249,II,12151968,12154336,+
WBGene00013250,II,12154486,12156812,+
WBGene00013252,II,12159472,12162671,+
WBGene00013253,II,12164839,12170762,+
WBGene00004394,II,12172571,12176069,+
WBGene00013256,II,12176880,12184875,-
WBGene00013257,II,12186007,12189265,+
WBGene00013258,II,12189795,12199959,-
WBGene00013259,II,12200607,12202381,-
WBGene00013272,II,12203309,12209160,+
WBGene00004167,II,12209228,12225086,-
WBGene00013260,II,12225356,12227265,+
WBGene00013261,II,12228305,12237051,+
WBGene00013263,II,12240388,12242567,+
WBGene00013264,II,12242946,12247611,+
WBGene00013254,II,12248125,12249135,-
WBGene00013265,II,12251667,12256628,-
WBGene00013255,II,12256950,12269706,-
WBGene00013266,II,12264166,12266105,+
WBGene00013267,II,12269815,12275044,-
WBGene00013268,II,12275936,12279383,-
WBGene00013269,II,12279561,12280595,+
WBGene00002063,II,12280662,12284133,+
WBGene00013270,II,12289385,12300573,+
WBGene00016825,II,12301077,12302429,-
WBGene00016834,II,12303525,12305132,+
WBGene00016826,II,12305543,12309714,-
WBGene00016833,II,12311860,12313660,+
WBGene00016832,II,12318841,12321070,+
WBGene00016827,II,12321193,12323405,-
WBGene00016831,II,12325544,12327514,+
WBGene00016830,II,12329294,12331122,+
WBGene00016829,II,12332924,12335044,+
WBGene00016828,II,12335730,12338093,+
WBGene00004945,II,12339944,12344795,+
WBGene00206479,II,12344834,12345286,+
WBGene00004310,II,12345285,12352243,-
WBGene00013273,II,12358756,12367023,-
WBGene00013274,II,12373522,12379511,-
WBGene00013275,II,12383463,12384692,+
WBGene00013276,II,12384593,12386881,-
WBGene00013277,II,12388293,12389839,+
WBGene00013278,II,12390083,12392662,+
WBGene00013279,II,12392701,12393743,-
WBGene00044048,II,12394856,12397756,-
WBGene00010220,II,12399399,12401891,-
WBGene00010218,II,12404951,12406494,-
WBGene00010217,II,12406822,12408817,-
WBGene00010219,II,12409320,12410207,-
WBGene00013280,II,12411622,12412517,-
WBGene00044047,II,12414036,12414905,-
WBGene00013281,II,12415527,12417527,-
WBGene00013282,II,12419133,12420586,-
WBGene00013284,II,12423514,12425694,-
WBGene00013286,II,12427986,12429946,-
WBGene00013285,II,12430788,12432311,-
WBGene00013287,II,12433608,12435846,-
WBGene00013288,II,12440132,12441264,-
WBGene00012283,II,12443119,12444779,-
WBGene00012285,II,12445332,12447769,+
WBGene00005250,II,12448541,12449887,+
WBGene00043058,II,12450149,12451407,+
WBGene00012286,II,12451593,12452854,-
WBGene00012287,II,12453302,12454693,+
WBGene00012288,II,12454954,12456733,-
WBGene00008837,II,12457575,12459510,+
WBGene00044323,II,12459772,12460551,+
WBGene00044322,II,12460641,12461471,+
WBGene00008838,II,12462418,12464078,+
WBGene00008839,II,12465872,12467519,+
WBGene00005173,II,12467732,12469369,+
WBGene00008840,II,12469374,12471211,-
WBGene00008841,II,12471805,12473084,+
WBGene00005174,II,12473706,12475234,+
WBGene00008843,II,12479590,12480910,-
WBGene00008847,II,12482931,12484279,+
WBGene00008844,II,12484544,12485160,-
WBGene00043054,II,12490214,12491815,+
WBGene00011876,II,12492398,12493623,+
WBGene00000660,II,12493800,12495106,-
WBGene00011877,II,12495487,12496387,-
WBGene00011878,II,12497217,12502878,-
WBGene00005289,II,12507338,12508452,+
WBGene00005288,II,12508950,12510135,+
WBGene00005294,II,12512166,12513316,+
WBGene00005290,II,12513618,12514715,-
WBGene00005283,II,12514972,12516413,-
WBGene00005291,II,12516753,12517858,-
WBGene00044032,II,12520004,12524478,+
WBGene00006009,II,12525828,12527868,+
WBGene00006010,II,12528247,12529746,+
WBGene00006011,II,12531258,12532977,+
WBGene00009867,II,12535760,12542569,+
WBGene00009866,II,12536503,12538599,+
WBGene00044031,II,12542754,12544633,-
WBGene00009868,II,12546030,12546513,-
WBGene00044162,II,12546761,12548249,+
WBGene00044163,II,12555884,12557129,+
WBGene00184956,II,12557808,12560264,-
WBGene00009869,II,12566165,12568297,+
WBGene00012579,II,12570198,12570623,-
WBGene00012580,II,12571572,12573529,-
WBGene00012581,II,12573940,12574768,-
WBGene00012582,II,12575691,12577748,-
WBGene00012583,II,12578356,12581098,-
WBGene00012584,II,12582179,12603680,-
WBGene00012585,II,12605968,12607027,+
WBGene00012586,II,12607200,12608788,+
WBGene00012587,II,12608953,12609630,+
WBGene00012589,II,12613564,12613939,+
WBGene00012603,II,12615897,12616166,-
WBGene00012590,II,12617886,12618209,+
WBGene00012604,II,12619079,12619408,-
WBGene00012591,II,12620548,12620888,-
WBGene00175028,II,12621088,12621958,-
WBGene00012592,II,12623215,12624506,-
WBGene00012593,II,12627187,12627570,+
WBGene00012594,II,12628936,12629380,+
WBGene00044034,II,12629687,12631995,+
WBGene00012595,II,12632593,12634799,-
WBGene00012596,II,12636699,12638448,+
WBGene00012597,II,12640670,12642740,+
WBGene00012598,II,12654747,12663836,+
WBGene00004347,II,12662759,12671920,+
WBGene00012600,II,12673166,12677803,-
WBGene00012602,II,12679035,12679413,+
WBGene00271657,II,12679415,12679591,-
WBGene00012895,II,12679954,12686713,+
WBGene00012894,II,12694412,12725483,+
WBGene00012896,II,12726963,12736910,-
WBGene00012897,II,12737032,12738334,-
WBGene00044164,II,12752854,12753813,-
WBGene00012899,II,12755170,12756218,-
WBGene00012900,II,12756353,12757677,+
WBGene00012901,II,12760797,12767232,+
WBGene00012903,II,12767221,12768217,-
WBGene00012904,II,12768686,12773903,+
WBGene00012905,II,12774646,12775544,+
WBGene00012919,II,12774646,12781705,+
WBGene00012906,II,12782751,12785412,-
WBGene00012920,II,12786322,12788153,-
WBGene00012907,II,12788252,12796452,-
WBGene00012908,II,12800449,12805383,-
WBGene00012909,II,12804862,12810872,+
WBGene00012910,II,12811009,12811934,+
WBGene00012911,II,12811802,12816462,-
WBGene00012912,II,12816820,12818588,-
WBGene00012921,II,12823649,12824177,+
WBGene00044043,II,12827032,12827519,+
WBGene00012913,II,12828553,12828963,-
WBGene00012914,II,12830707,12832720,+
WBGene00012915,II,12836548,12840157,-
WBGene00003983,II,12846203,12847836,-
WBGene00012916,II,12850429,12851902,+
WBGene00012917,II,12856200,12862058,+
WBGene00004904,II,12861963,12865883,-
WBGene00001793,II,12866448,12878116,-
WBGene00009390,II,12880815,12881968,+
WBGene00005040,II,12885276,12888606,+
WBGene00009391,II,12888762,12890460,+
WBGene00009392,II,12890630,12892024,+
WBGene00009393,II,12893065,12895098,-
WBGene00009394,II,12895638,12897462,+
WBGene00009395,II,12898242,12900435,+
WBGene00009396,II,12901264,12903336,+
WBGene00009397,II,12904398,12906686,+
WBGene00009398,II,12907370,12907783,+
WBGene00009399,II,12909079,12910334,+
WBGene00009400,II,12910229,12914603,-
WBGene00010264,II,12915417,12919018,-
WBGene00010263,II,12919551,12923377,+
WBGene00010270,II,12925304,12925602,-
WBGene00010265,II,12925981,12928341,-
WBGene00010266,II,12931873,12933515,+
WBGene00010267,II,12933854,12935362,-
WBGene00010268,II,12938869,12943867,+
WBGene00010269,II,12943862,12948143,-
WBGene00012605,II,12952490,12954832,-
WBGene00012606,II,12954962,12958018,+
WBGene00004232,II,12965546,12978168,+
WBGene00012607,II,12966872,12969215,-
WBGene00000870,II,12980591,12993118,+
WBGene00012608,II,12994358,12996571,-
WBGene00012609,II,12996921,12997804,-
WBGene00012610,II,12997986,13000853,-
WBGene00003860,II,13006610,13008164,-
WBGene00008932,II,13009265,13012817,-
WBGene00003144,II,13014331,13025838,-
WBGene00008929,II,13032778,13036505,+
WBGene00008930,II,13036348,13036965,-
WBGene00004242,II,13039790,13043476,-
WBGene00009644,II,13046548,13047287,-
WBGene00009641,II,13047941,13050807,+
WBGene00006999,II,13056814,13071530,+
WBGene00009642,II,13073493,13076223,+
WBGene00009643,II,13079093,13080762,+
WBGene00014953,II,13080826,13081227,+
WBGene00195150,II,13081776,13082322,-
WBGene00013590,II,13082413,13083828,-
WBGene00013591,II,13083989,13091483,+
WBGene00013592,II,13091587,13094241,+
WBGene00000661,II,13096009,13098275,-
WBGene00009245,II,13098249,13116806,-
WBGene00004120,II,13108019,13110169,+
WBGene00009246,II,13117483,13122085,+
WBGene00009247,II,13123038,13124789,+
WBGene00009248,II,13129902,13130189,+
WBGene00009311,II,13139465,13145225,-
WBGene00009308,II,13151459,13153399,-
WBGene00001998,II,13153461,13157093,-
WBGene00009307,II,13157333,13160462,+
WBGene00003388,II,13160545,13165733,-
WBGene00012372,II,13175857,13181561,-
WBGene00001947,II,13183450,13183845,+
WBGene00012373,II,13184429,13185023,+
WBGene00012374,II,13185092,13185914,+
WBGene00012375,II,13185987,13187351,-
WBGene00002264,II,13195549,13199603,+
WBGene00000274,II,13200165,13215701,+
WBGene00008859,II,13216092,13216764,+
WBGene00001459,II,13235306,13237417,+
WBGene00008860,II,13237404,13237907,-
WBGene00008861,II,13239249,13243121,-
WBGene00008862,II,13245348,13247774,+
WBGene00008863,II,13249189,13249895,+
WBGene00012985,II,13260495,13261201,+
WBGene00012989,II,13272634,13304229,+
WBGene00012988,II,13279780,13285829,-
WBGene00012987,II,13309290,13311488,+
WBGene00003119,II,13311459,13320911,-
WBGene00012990,II,13321954,13330825,-
WBGene00012992,II,13338281,13339961,+
WBGene00012993,II,13340644,13347884,-
WBGene00012998,II,13369607,13375290,+
WBGene00012994,II,13376412,13388879,+
WBGene00012995,II,13389761,13401992,+
WBGene00012996,II,13402980,13404629,+
WBGene00001162,II,13406160,13411483,+
WBGene00012997,II,13412635,13414906,+
WBGene00013014,II,13415024,13424446,+
WBGene00013015,II,13424506,13428970,+
WBGene00013017,II,13433880,13436825,-
WBGene00008444,II,13437579,13447593,-
WBGene00004116,II,13448835,13460642,-
WBGene00008446,II,13460991,13469602,-
WBGene00008447,II,13472401,13473995,+
WBGene00008448,II,13482405,13485780,+
WBGene00000113,II,13485792,13491786,-
WBGene00009739,II,13491803,13493050,-
WBGene00009740,II,13493181,13494600,-
WBGene00009741,II,13495050,13495900,-
WBGene00009742,II,13501877,13503822,+
WBGene00010069,II,13504082,13506905,+
WBGene00010070,II,13507806,13516479,+
WBGene00010071,II,13517912,13522925,+
WBGene00013011,II,13522919,13531218,-
WBGene00013001,II,13533486,13541084,-
WBGene00013000,II,13542007,13547645,-
WBGene00013002,II,13547739,13567999,-
WBGene00013004,II,13568077,13575068,-
WBGene00013006,II,13575925,13584732,+
WBGene00013007,II,13585705,13589033,+
WBGene00013013,II,13589036,13590552,-
WBGene00013008,II,13590640,13593797,-
WBGene00013009,II,13595006,13596551,-
WBGene00000804,II,13596955,13598068,+
WBGene00000819,II,13601204,13605057,+
WBGene00001768,II,13608154,13609824,-
WBGene00001772,II,13610443,13611349,-
WBGene00001763,II,13611771,13613196,-
WBGene00001762,II,13614788,13616100,-
WBGene00001760,II,13616685,13618061,-
WBGene00001764,II,13622967,13624502,-
WBGene00001767,II,13625544,13627141,-
WBGene00001765,II,13628017,13628774,-
WBGene00001766,II,13629799,13630887,-
WBGene00006404,II,13632655,13636986,+
WBGene00007836,II,13636929,13638480,-
WBGene00007837,II,13641495,13643821,+
WBGene00045289,II,13648530,13655347,+
WBGene00007840,II,13655837,13662081,-
WBGene00007841,II,13669104,13669713,+
WBGene00012999,II,13670633,13694787,-
WBGene00002235,II,13703877,13712911,+
WBGene00013207,II,13712921,13715893,-
WBGene00044084,II,13718185,13721318,-
WBGene00013208,II,13722964,13725037,+
WBGene00013210,II,13724978,13725805,-
WBGene00013209,II,13726062,13729610,+
WBGene00013211,II,13729716,13731543,+
WBGene00011056,II,13736349,13736933,+
WBGene00003246,II,13741742,13749983,+
WBGene00011055,II,13752316,13756267,+
WBGene00011054,II,13758408,13761233,+
WBGene00011052,II,13763427,13765552,+
WBGene00011053,II,13766318,13768322,+
WBGene00194890,II,13770921,13783980,-
WBGene00007220,II,13771575,13779015,+
WBGene00013934,II,13792229,13817398,+
WBGene00001890,II,13817759,13818143,-
WBGene00001889,II,13818371,13818739,+
WBGene00001888,II,13819626,13819937,-
WBGene00001887,II,13820210,13820620,+
WBGene00001886,II,13821198,13821581,-
WBGene00001885,II,13821778,13822333,+
WBGene00001884,II,13823064,13823375,-
WBGene00001883,II,13823648,13824058,+
WBGene00001899,II,13824686,13825294,-
WBGene00001900,II,13825532,13825843,+
WBGene00001918,II,13826730,13827098,-
WBGene00001917,II,13827326,13827709,+
WBGene00001916,II,13828287,13828697,-
WBGene00008576,II,13830592,13831213,+
WBGene00008577,II,13832870,13833653,-
WBGene00002120,II,13835103,13835709,-
WBGene00008578,II,13836241,13841139,-
WBGene00008579,II,13852311,13855290,+
WBGene00013093,II,13855788,13872315,-
WBGene00013094,II,13872869,13875423,+
WBGene00013095,II,13876034,13882585,+
WBGene00001838,II,13882705,13888031,+
WBGene00013096,II,13888583,13898394,+
WBGene00012197,II,13898366,13902114,-
WBGene00012198,II,13908921,13915254,+
WBGene00012199,II,13916340,13919838,+
WBGene00012200,II,13920555,13924724,+
WBGene00044074,II,13925268,13930516,+
WBGene00001988,II,13930648,13931997,-
WBGene00012328,II,13937995,13939631,-
WBGene00012329,II,13949590,13951869,+
WBGene00012330,II,13951906,13957543,-
WBGene00012332,II,13959239,13962417,-
WBGene00012334,II,13964891,13966333,-
WBGene00012333,II,13966534,13969079,-
WBGene00012722,II,13970584,13972970,-
WBGene00012723,II,13973690,13976221,-
WBGene00012724,II,13977164,13979883,-
WBGene00012728,II,13981330,13981785,+
WBGene00012729,II,13982048,13983115,-
WBGene00012725,II,13983397,13984651,-
WBGene00012726,II,13987616,13991838,-
WBGene00012727,II,13994411,13995045,-
WBGene00008492,II,13996958,13997606,-
WBGene00008493,II,13998497,13999064,-
WBGene00008494,II,13999059,14000144,-
WBGene00008495,II,14001686,14002306,-
WBGene00008496,II,14006511,14008514,+
WBGene00008497,II,14008666,14010583,+
WBGene00008498,II,14010706,14013826,+
WBGene00008499,II,14013825,14016965,-
WBGene00008500,II,14017839,14021330,-
WBGene00000901,II,14033233,14037721,-
WBGene00012187,II,14060061,14060624,+
WBGene00012188,II,14060739,14062960,+
WBGene00002275,II,14063450,14066170,+
WBGene00012730,II,14068907,14089119,+
WBGene00000662,II,14090075,14094690,-
WBGene00012731,II,14095447,14097390,-
WBGene00014569,II,14101263,14102961,+
WBGene00001805,II,14104773,14108072,+
WBGene00010723,II,14108016,14109635,-
WBGene00010722,II,14114213,14122165,-
WBGene00010721,II,14123945,14126941,-
WBGene00010720,II,14127687,14132833,-
WBGene00012230,II,14133397,14142289,-
WBGene00010719,II,14137838,14140069,+
WBGene00012228,II,14142949,14143874,-
WBGene00012227,II,14147342,14150131,-
WBGene00012978,II,14151040,14154373,-
WBGene00004456,II,14155280,14155660,+
WBGene00006964,II,14155768,14166018,+
WBGene00001133,II,14166882,14171648,-
WBGene00012979,II,14172833,14175174,-
WBGene00012980,II,14178814,14189917,+
WBGene00000038,II,14198046,14205325,+
WBGene00000037,II,14205633,14210214,+
WBGene00001992,II,14211439,14213123,+
WBGene00012981,II,14214409,14217139,+
WBGene00012984,II,14220938,14226287,-
WBGene00012983,II,14226377,14234120,-
WBGene00012982,II,14234972,14243603,-
WBGene00001971,II,14250683,14251448,+
WBGene00013213,II,14252357,14255705,+
WBGene00235256,II,14256610,14256987,-
WBGene00013212,II,14257573,14269192,-
WBGene00013214,II,14276621,14283973,+
WBGene00005264,II,14285780,14287377,-
WBGene00005265,II,14287632,14289068,-
WBGene00013215,II,14292824,14296055,+
WBGene00013216,II,14297305,14299633,+
WBGene00000831,II,14299553,14302083,-
WBGene00000830,II,14303612,14306329,-
WBGene00013220,II,14307854,14310779,-
WBGene00013221,II,14318158,14320917,+
WBGene00013217,II,14340068,14344454,-
WBGene00013218,II,14344545,14346438,-
WBGene00002996,II,14346877,14348792,-
WBGene00185067,II,14348886,14349406,-
WBGene00013219,II,14349783,14350795,+
WBGene00011050,II,14350719,14358113,-
WBGene00011051,II,14358366,14361701,+
WBGene00011047,II,14362019,14365177,+
WBGene00002076,II,14365705,14373899,+
WBGene00000059,II,14373831,14377890,-
WBGene00011049,II,14381772,14383376,+
WBGene00003220,II,14383973,14388454,+
WBGene00195149,II,14388513,14388824,+
WBGene00009179,II,14389236,14390116,-
WBGene00009180,II,14390718,14407905,+
WBGene00009182,II,14408612,14410836,+
WBGene00194892,II,14411095,14412218,+
WBGene00001371,II,14412201,14413516,-
WBGene00004048,II,14417889,14424891,-
WBGene00010550,II,14434419,14438977,-
WBGene00010551,II,14441409,14447219,+
WBGene00013222,II,14455632,14464911,+
WBGene00007545,II,14470371,14479627,-
WBGene00006856,II,14485624,14488688,-
WBGene00010758,II,14489802,14492901,+
WBGene00010759,II,14492826,14494514,-
WBGene00000972,II,14498026,14499755,+
WBGene00010760,II,14500422,14501663,+
WBGene00010761,II,14501747,14502543,+
WBGene00010762,II,14503297,14504919,+
WBGene00045403,II,14505015,14506409,-
WBGene00010763,II,14507092,14507663,-
WBGene00010765,II,14508068,14510162,+
WBGene00194888,II,14510227,14511289,-
WBGene00010764,II,14513191,14515117,-
WBGene00010194,II,14520868,14522137,-
WBGene00010193,II,14522385,14523522,-
WBGene00010195,II,14524173,14525112,+
WBGene00010196,II,14525312,14526031,+
WBGene00010197,II,14526213,14528296,-
WBGene00010198,II,14528754,14534173,+
WBGene00007312,II,14534300,14535365,+
WBGene00007313,II,14535923,14537579,-
WBGene00007315,II,14537946,14539162,+
WBGene00007314,II,14540895,14548791,-
WBGene00007316,II,14550913,14552476,+
WBGene00003392,II,14552501,14561599,-
WBGene00007242,II,14573615,14576558,+
WBGene00044333,II,14576957,14578075,+
WBGene00007243,II,14578313,14578597,+
WBGene00007249,II,14579016,14580124,+
WBGene00007250,II,14580254,14581043,-
WBGene00007251,II,14580859,14581275,+
WBGene00007244,II,14581377,14582361,-
WBGene00007245,II,14586527,14587507,-
WBGene00007246,II,14587957,14588241,-
WBGene00007247,II,14588621,14591893,-
WBGene00007248,II,14593581,14597657,+
WBGene00006603,II,14600902,14610554,+
WBGene00008963,II,14604139,14605697,-
WBGene00000188,II,14606472,14608342,+
WBGene00008964,II,14616068,14622612,+
WBGene00008965,II,14623063,14626442,+
WBGene00007999,II,14627630,14630121,+
WBGene00007998,II,14630553,14632636,-
WBGene00007996,II,14633123,14634657,+
WBGene00007997,II,14634656,14636837,-
WBGene00000225,II,14640096,14644083,-
WBGene00006787,II,14647325,14684456,-
WBGene00013852,II,14678457,14681145,+
WBGene00010491,II,14694192,14695299,-
WBGene00007478,II,14698701,14699362,+
WBGene00007479,II,14705512,14712800,+
WBGene00007480,II,14720552,14733524,-
WBGene00013187,II,14734410,14739243,-
WBGene00013188,II,14746890,14752489,-
WBGene00006381,II,14752891,14753907,-
WBGene00013189,II,14754622,14778149,+
WBGene00013190,II,14755979,14757811,-
WBGene00013192,II,14771872,14773006,-
WBGene00013193,II,14778345,14782723,+
WBGene00013194,II,14785184,14785995,-
WBGene00013195,II,14791101,14792554,+
WBGene00001225,II,14795404,14798224,+
WBGene00013196,II,14798472,14800971,+
WBGene00012180,II,14800918,14804309,-
WBGene00012181,II,14805986,14808087,+
WBGene00012183,II,14808922,14809204,+
WBGene00012182,II,14812182,14814889,+
WBGene00012179,II,14815518,14816212,+
WBGene00003651,II,14816136,14840005,-
WBGene00000399,II,14843177,14850905,+
WBGene00011042,II,14852430,14853594,+
WBGene00011046,II,14855529,14857010,+
WBGene00011043,II,14857259,14866636,+
WBGene00011045,II,14866716,14869577,+
WBGene00011044,II,14869944,14883054,+
WBGene00013148,II,14876147,14877164,-
WBGene00000584,II,14902493,14907533,+
WBGene00010987,II,14907508,14910405,-
WBGene00008443,II,14919705,14953312,+
WBGene00013149,II,14954278,14958189,-
WBGene00001247,II,14959675,14964108,-
WBGene00013150,II,14968633,14969354,-
WBGene00013151,II,14969617,14977005,+
WBGene00044720,II,14969902,14971233,+
WBGene00013152,II,14982592,14984009,-
WBGene00044726,II,14988471,14992667,+
WBGene00013154,II,14992898,14993403,+
WBGene00013157,II,15001896,15003510,-
WBGene00013156,II,15004869,15010416,-
WBGene00013158,II,15010748,15013408,+
WBGene00194905,II,15013395,15014442,-
WBGene00013159,II,15019223,15025768,+
WBGene00013160,II,15026137,15037807,+
WBGene00013161,II,15037991,15039297,+
WBGene00000208,II,15039404,15048904,+
WBGene00013162,II,15052085,15055718,-
WBGene00013163,II,15058227,15062057,+
WBGene00013164,II,15064267,15071671,-
WBGene00013165,II,15077218,15079475,+
WBGene00013166,II,15084476,15089626,+
WBGene00013167,II,15090172,15109042,+
WBGene00013176,II,15110144,15116306,+
WBGene00013168,II,15120301,15123345,+
WBGene00013169,II,15124504,15126365,+
WBGene00219491,II,15129407,15130688,-
WBGene00013170,II,15131566,15134424,-
WBGene00013171,II,15136186,15145370,+
WBGene00013172,II,15140476,15140981,-
WBGene00013173,II,15145894,15151934,+
WBGene00004234,II,15158180,15163614,+
WBGene00001774,II,15163808,15164646,-
WBGene00001775,II,15164890,15165731,-
WBGene00001776,II,15166194,15167406,-
WBGene00001777,II,15168538,15169860,-
WBGene00001787,II,15171163,15171912,-
WBGene00001779,II,15174271,15174965,-
WBGene00013175,II,15175943,15177271,+
WBGene00001780,II,15177372,15178594,-
WBGene00001782,II,15179971,15183232,-
WBGene00001783,II,15183801,15185385,-
WBGene00021598,II,15196214,15198075,+
WBGene00021597,II,15207443,15229725,+
WBGene00021596,II,15230343,15232803,+
WBGene00021595,II,15233153,15244931,+
WBGene00021594,II,15244855,15251774,-
WBGene00007064,II,15268212,15275689,+
WBGene00022277,I,4116,10230,-
WBGene00022276,I,11495,16837,+
WBGene00022278,I,17487,26781,-
WBGene00022279,I,27591,32544,-
WBGene00022275,I,43733,44677,+
WBGene00044345,I,47467,49857,+
WBGene00021677,I,49919,54426,+
WBGene00021678,I,55293,64066,-
WBGene00000812,I,71425,81071,+
WBGene00021683,I,81193,91020,+
WBGene00021679,I,84991,86293,-
WBGene00021682,I,91380,92877,+
WBGene00021676,I,93024,94884,+
WBGene00189949,I,94828,95367,-
WBGene00021681,I,96544,108223,-
WBGene00004274,I,108670,110107,-
WBGene00004418,I,111038,112417,+
WBGene00018774,I,112285,113721,+
WBGene00018773,I,113807,114704,+
WBGene00000622,I,115739,117438,+
WBGene00004962,I,118109,120870,+
WBGene00003229,I,127297,134065,+
WBGene00018772,I,134337,137282,+
WBGene00018771,I,137845,144565,+
WBGene00000253,I,146486,154850,-
WBGene00004225,I,160172,166819,-
WBGene00018958,I,171340,175989,+
WBGene00018957,I,178538,182161,+
WBGene00018955,I,182079,182772,-
WBGene00000227,I,183364,208465,+
WBGene00021666,I,209281,211732,+
WBGene00021662,I,216028,216996,+
WBGene00255594,I,218060,219099,+
WBGene00021671,I,231692,238252,-
WBGene00021672,I,238616,239021,-
WBGene00021667,I,252118,254277,+
WBGene00021675,I,254277,259157,-
WBGene00016904,I,280120,280445,+
WBGene00016903,I,283500,286115,+
WBGene00016905,I,286088,289185,-
WBGene00016902,I,291215,305468,+
WBGene00016906,I,305811,311130,-
WBGene00002077,I,310981,314989,-
WBGene00002079,I,318390,323352,-
WBGene00021660,I,323855,330978,+
WBGene00000917,I,332611,337839,+
WBGene00021661,I,343069,348424,-
WBGene00021658,I,347469,348357,+
WBGene00021657,I,348460,357193,+
WBGene00020091,I,364510,368319,+
WBGene00020088,I,368370,373445,-
WBGene00020089,I,373571,379073,-
WBGene00004143,I,379071,381902,-
WBGene00006385,I,382648,388564,+
WBGene00020090,I,388470,394415,-
WBGene00021733,I,398891,412915,+
WBGene00021734,I,412911,418660,-
WBGene00015570,I,420922,423713,+
WBGene00006593,I,443999,461605,+
WBGene00021026,I,461995,462651,+
WBGene00021027,I,462657,467131,-
WBGene00021025,I,477582,481954,+
WBGene00235388,I,482040,483880,-
WBGene00021028,I,484126,487990,-
WBGene00021024,I,488607,489905,+
WBGene00001814,I,489969,496150,+
WBGene00022035,I,496144,502042,-
WBGene00022036,I,502932,506250,-
WBGene00022034,I,506469,509056,+
WBGene00022039,I,508850,511051,-
WBGene00022037,I,511052,519800,-
WBGene00022038,I,520109,521554,-
WBGene00022033,I,530969,533084,+
WBGene00022043,I,534455,535344,+
WBGene00022042,I,535791,536670,+
WBGene00007009,I,537122,542200,+
WBGene00004235,I,550696,556638,+
WBGene00002393,I,557375,561671,+
WBGene00022040,I,562736,565181,+
WBGene00000434,I,565436,566414,-
WBGene00001725,I,572177,575120,-
WBGene00044427,I,582288,583748,-
WBGene00235390,I,585119,585376,+
WBGene00002040,I,585831,607601,-
WBGene00018923,I,614651,629444,-
WBGene00018921,I,618160,621490,+
WBGene00022028,I,621708,622187,+
WBGene00022029,I,629492,636350,-
WBGene00022027,I,636804,637852,+
WBGene00022026,I,638129,653986,+
WBGene00022030,I,645626,647242,-
WBGene00022025,I,654090,658810,+
WBGene00022031,I,659557,663686,-
WBGene00022032,I,664426,666900,-
WBGene00044461,I,667615,674413,-
WBGene00021215,I,680408,683472,+
WBGene00021214,I,682876,686599,-
WBGene00021207,I,688286,691267,+
WBGene00021210,I,692026,694948,-
WBGene00021208,I,694982,698322,-
WBGene00021209,I,700274,715874,-
WBGene00004332,I,717893,719816,-
WBGene00004028,I,719929,731078,+
WBGene00044434,I,731068,736552,-
WBGene00236789,I,740835,741878,+
WBGene00000623,I,741913,745570,-
WBGene00000624,I,745859,748288,+
WBGene00021213,I,748228,757010,-
WBGene00021212,I,758756,760429,+
WBGene00020282,I,760848,761849,-
WBGene00020283,I,763597,770720,+
WBGene00020281,I,770892,776369,+
WBGene00022518,I,803368,835277,+
WBGene00022517,I,837996,841746,+
WBGene00022519,I,841742,846763,-
WBGene00022388,I,853451,872103,+
WBGene00022389,I,873164,882713,-
WBGene00022386,I,882918,890194,+
WBGene00022390,I,889771,895105,-
WBGene00001678,I,897286,906077,+
WBGene00022385,I,907448,911189,+
WBGene00022391,I,912415,926877,-
WBGene00022383,I,938464,941773,+
WBGene00003548,I,942257,947710,+
WBGene00003238,I,948569,957404,-
WBGene00018787,I,963700,969426,-
WBGene00018788,I,969089,976550,-
WBGene00018786,I,989671,992181,+
WBGene00016932,I,996045,1005066,+
WBGene00016931,I,1006102,1010765,+
WBGene00016930,I,1011371,1014455,-
WBGene00236808,I,1015204,1015731,-
WBGene00005002,I,1016403,1017180,+
WBGene00021335,I,1018835,1019229,+
WBGene00021327,I,1019827,1029910,-
WBGene00004952,I,1030629,1033436,-
WBGene00021329,I,1034443,1040868,+
WBGene00021332,I,1041474,1048329,+
WBGene00021331,I,1049596,1050727,+
WBGene00021333,I,1050921,1053826,-
WBGene00021334,I,1053894,1066899,-
WBGene00021328,I,1062293,1065269,+
WBGene00001745,I,1068484,1075010,+
WBGene00019909,I,1084630,1088473,+
WBGene00044895,I,1088514,1089742,+
WBGene00019911,I,1089666,1095796,-
WBGene00022838,I,1107578,1112251,+
WBGene00236809,I,1112418,1115501,+
WBGene00022837,I,1128324,1131737,+
WBGene00021689,I,1136371,1154386,-
WBGene00000165,I,1154511,1156020,-
WBGene00004429,I,1156579,1157474,+
WBGene00021687,I,1157571,1162939,+
WBGene00001816,I,1162880,1175868,-
WBGene00004880,I,1176471,1190829,+
WBGene00021686,I,1193158,1211434,+
WBGene00021685,I,1211485,1254669,+
WBGene00195068,I,1215045,1217263,-
WBGene00021690,I,1218435,1219002,-
WBGene00021691,I,1223957,1229282,-
WBGene00021692,I,1254770,1258258,+
WBGene00001707,I,1259374,1268155,-
WBGene00021693,I,1282101,1285435,+
WBGene00021694,I,1287304,1287959,+
WBGene00003400,I,1305562,1328348,+
WBGene00044896,I,1332698,1334074,+
WBGene00019674,I,1335321,1336867,+
WBGene00045052,I,1337012,1338216,+
WBGene00045053,I,1338749,1339773,+
WBGene00004888,I,1340678,1341258,+
WBGene00019673,I,1341218,1344692,-
WBGene00022363,I,1348503,1359595,+
WBGene00022366,I,1365309,1376409,+
WBGene00022365,I,1376942,1385057,-
WBGene00022367,I,1385818,1392759,-
WBGene00022372,I,1394569,1402975,+
WBGene00022371,I,1405935,1413100,+
WBGene00022368,I,1413915,1415807,-
WBGene00022369,I,1416586,1425201,+
WBGene00022373,I,1436279,1441331,+
WBGene00018159,I,1442048,1443942,-
WBGene00004969,I,1446497,1465358,+
WBGene00001773,I,1451122,1453077,-
WBGene00018580,I,1465597,1469587,+
WBGene00018579,I,1471227,1479920,+
WBGene00001115,I,1483083,1490494,+
WBGene00022361,I,1490887,1514411,-
WBGene00022360,I,1514755,1540911,+
WBGene00022358,I,1543525,1556196,+
WBGene00005077,I,1566929,1580196,+
WBGene00022270,I,1581394,1593668,+
WBGene00022271,I,1594659,1596184,-
WBGene00022269,I,1601838,1606926,+
WBGene00022273,I,1607658,1610041,-
WBGene00044440,I,1610390,1620080,+
WBGene00000269,I,1621346,1628476,-
WBGene00022268,I,1629003,1633498,+
WBGene00022274,I,1634613,1644107,+
WBGene00003111,I,1644588,1651394,-
WBGene00022156,I,1652901,1655399,+
WBGene00004168,I,1655616,1656726,-
WBGene00044358,I,1657513,1663331,-
WBGene00022157,I,1663412,1667414,-
WBGene00022155,I,1667501,1669792,+
WBGene00022158,I,1670036,1672742,-
WBGene00185098,I,1672821,1676434,-
WBGene00022154,I,1680450,1685063,+
WBGene00044348,I,1686216,1693457,-
WBGene00006702,I,1698094,1701128,+
WBGene00003080,I,1701361,1701808,+
WBGene00022153,I,1702105,1708008,+
WBGene00022152,I,1709587,1715568,+
WBGene00006771,I,1721592,1740670,+
WBGene00022159,I,1740647,1751055,-
WBGene00022150,I,1751481,1754410,+
WBGene00022149,I,1755329,1766400,+
WBGene00022148,I,1767887,1790157,+
WBGene00022160,I,1771388,1775933,-
WBGene00022161,I,1779766,1782594,-
WBGene00022146,I,1793254,1796424,+
WBGene00022162,I,1797435,1798722,-
WBGene00022145,I,1799717,1806986,+
WBGene00022144,I,1808091,1811835,+
WBGene00022143,I,1812892,1813581,+
WBGene00044349,I,1813909,1816061,-
WBGene00022142,I,1816150,1818496,+
WBGene00044347,I,1818581,1822948,-
WBGene00022141,I,1823447,1825967,+
WBGene00044746,I,1832115,1832641,-
WBGene00016907,I,1832897,1834764,+
WBGene00004441,I,1834881,1835439,+
WBGene00001196,I,1835631,1841936,+
WBGene00001309,I,1842445,1843227,+
WBGene00003750,I,1843384,1843899,+
WBGene00006461,I,1845221,1850523,+
WBGene00044897,I,1851681,1852280,-
WBGene00004743,I,1862607,1872306,-
WBGene00022139,I,1874033,1883639,+
WBGene00022140,I,1885205,1894905,-
WBGene00022138,I,1895161,1923088,+
WBGene00021768,I,1911684,1913966,-
WBGene00021766,I,1924300,1932260,+
WBGene00021765,I,1932352,1945212,+
WBGene00255420,I,1945814,1949520,-
WBGene00021771,I,1950594,1958527,-
WBGene00044438,I,1958707,1965267,+
WBGene00021764,I,1967772,1973882,+
WBGene00021763,I,1977993,1983436,+
WBGene00021238,I,1988246,2010525,-
WBGene00021237,I,2026277,2033966,+
WBGene00021239,I,2034383,2043805,-
WBGene00044435,I,2049140,2050177,-
WBGene00021346,I,2061667,2064077,-
WBGene00021347,I,2064293,2064686,+
WBGene00021348,I,2064909,2065481,+
WBGene00021349,I,2065727,2069049,+
WBGene00004409,I,2069086,2069587,-
WBGene00021350,I,2069681,2070607,-
WBGene00004014,I,2071352,2072547,+
WBGene00021351,I,2072680,2076906,+
WBGene00021352,I,2078959,2085662,+
WBGene00021353,I,2085673,2093822,-
WBGene00003799,I,2097346,2123443,+
WBGene00044810,I,2107457,2108896,-
WBGene00021354,I,2113614,2118550,-
WBGene00021355,I,2128590,2145971,+
WBGene00235158,I,2149823,2151826,-
WBGene00021009,I,2160042,2209629,+
WBGene00021008,I,2216100,2219479,+
WBGene00021005,I,2219471,2222313,-
WBGene00001542,I,2223307,2233099,-
WBGene00021006,I,2233744,2234957,-
WBGene00021007,I,2235617,2241210,-
WBGene00017399,I,2242230,2247223,+
WBGene00017398,I,2250131,2254901,+
WBGene00000020,I,2255923,2272866,-
WBGene00021458,I,2279835,2281516,+
WBGene00000408,I,2281504,2291183,-
WBGene00021469,I,2293132,2297312,+
WBGene00021470,I,2297280,2304393,-
WBGene00021468,I,2300086,2302823,+
WBGene00002047,I,2304512,2306816,-
WBGene00021467,I,2306985,2308975,+
WBGene00021476,I,2308976,2312129,+
WBGene00021475,I,2312496,2313008,+
WBGene00021466,I,2313271,2316003,+
WBGene00021465,I,2316307,2318305,+
WBGene00003156,I,2318291,2321847,-
WBGene00219275,I,2322025,2322596,-
WBGene00021471,I,2323916,2327329,-
WBGene00021477,I,2327989,2330162,+
WBGene00021472,I,2330895,2332652,-
WBGene00021464,I,2333312,2338693,+
WBGene00021463,I,2342216,2350468,+
WBGene00077563,I,2352835,2356238,+
WBGene00021461,I,2357883,2372964,+
WBGene00021473,I,2377089,2381851,-
WBGene00021474,I,2382953,2401492,-
WBGene00021460,I,2402232,2409987,+
WBGene00017741,I,2415133,2418521,+
WBGene00017734,I,2418450,2420801,-
WBGene00017735,I,2420803,2421816,-
WBGene00017736,I,2422334,2425185,-
WBGene00017737,I,2429675,2432601,-
WBGene00017738,I,2432570,2433755,-
WBGene00017733,I,2434004,2435708,+
WBGene00255457,I,2436550,2437084,-
WBGene00017732,I,2438767,2442948,+
WBGene00002141,I,2451908,2464637,-
WBGene00022280,I,2468787,2471972,-
WBGene00022281,I,2472066,2485391,-
WBGene00022282,I,2483203,2483705,+
WBGene00001232,I,2485867,2489780,+
WBGene00021277,I,2489976,2497371,+
WBGene00021276,I,2498134,2506259,+
WBGene00021275,I,2533268,2542114,+
WBGene00021274,I,2544749,2546163,+
WBGene00021279,I,2546897,2548358,-
WBGene00021280,I,2551375,2551590,-
WBGene00021272,I,2552987,2555398,+
WBGene00194701,I,2556252,2557425,+
WBGene00016950,I,2558300,2560110,+
WBGene00016949,I,2560396,2561820,+
WBGene00006047,I,2562616,2563049,+
WBGene00016948,I,2568872,2570746,+
WBGene00000006,I,2571782,2576020,-
WBGene00001404,I,2580935,2586126,-
WBGene00004226,I,2587527,2595294,-
WBGene00019461,I,2599979,2602627,+
WBGene00000832,I,2606754,2617360,+
WBGene00021271,I,2617560,2620425,+
WBGene00021270,I,2620654,2621859,+
WBGene00021269,I,2621957,2623186,+
WBGene00000800,I,2623102,2628577,-
WBGene00023172,I,2632987,2634561,+
WBGene00018231,I,2638649,2639419,+
WBGene00018230,I,2642724,2643778,+
WBGene00018232,I,2645273,2657241,-
WBGene00018233,I,2650737,2651711,-
WBGene00017979,I,2668160,2672434,+
WBGene00017980,I,2672940,2682797,-
WBGene00000788,I,2686639,2689493,-
WBGene00017978,I,2692074,2692467,+
WBGene00017977,I,2692757,2694084,+
WBGene00017976,I,2697399,2699955,+
WBGene00017975,I,2700420,2702158,+
WBGene00003006,I,2706883,2717549,+
WBGene00001048,I,2718027,2721475,-
WBGene00022128,I,2721879,2726724,-
WBGene00004920,I,2727014,2727545,+
WBGene00022127,I,2730004,2731453,+
WBGene00022126,I,2731562,2735371,+
WBGene00022129,I,2735345,2742508,-
WBGene00004043,I,2755540,2758204,-
WBGene00022130,I,2759023,2761044,-
WBGene00004946,I,2761158,2776097,-
WBGene00022125,I,2774912,2775421,+
WBGene00022131,I,2776370,2778726,-
WBGene00022133,I,2780850,2784276,-
WBGene00020990,I,2784620,2786077,-
WBGene00255550,I,2787981,2788418,-
WBGene00020984,I,2788768,2790343,-
WBGene00020989,I,2791687,2794976,+
WBGene00020988,I,2796130,2797238,+
WBGene00020985,I,2798175,2800878,-
WBGene00002174,I,2802822,2815786,+
WBGene00020987,I,2816415,2817646,+
WBGene00044796,I,2818744,2820701,+
WBGene00020986,I,2820869,2822300,-
WBGene00004077,I,2823254,2830311,-
WBGene00021126,I,2832872,2833253,-
WBGene00021125,I,2845859,2849792,+
WBGene00021127,I,2851963,2853903,-
WBGene00021128,I,2853975,2855732,-
WBGene00044433,I,2858524,2859913,-
WBGene00022116,I,2862403,2864446,+
WBGene00022115,I,2866508,2870167,+
WBGene00022117,I,2870608,2875289,-
WBGene00004412,I,2875395,2876324,-
WBGene00022114,I,2876932,2878523,+
WBGene00022113,I,2878578,2880929,+
WBGene00022118,I,2880919,2883454,-
WBGene00000199,I,2883546,2893718,-
WBGene00022112,I,2887800,2889434,+
WBGene00022111,I,2890446,2891261,+
WBGene00022119,I,2895329,2900860,-
WBGene00001791,I,2901325,2903006,+
WBGene00022110,I,2903596,2907751,+
WBGene00004049,I,2907730,2924713,-
WBGene00022108,I,2915176,2918806,+
WBGene00022107,I,2925212,2928134,+
WBGene00022122,I,2928395,2929687,+
WBGene00003836,I,2929736,2931361,+
WBGene00022121,I,2931461,2947152,+
WBGene00045398,I,2940910,2941583,-
WBGene00000237,I,2949600,2957910,-
WBGene00044894,I,2981531,2983076,-
WBGene00022123,I,2983213,2985167,-
WBGene00022124,I,2986104,2995914,-
WBGene00001046,I,2996401,3001382,+
WBGene00021839,I,3001360,3002847,-
WBGene00021838,I,3003545,3005941,+
WBGene00003186,I,3005403,3013448,-
WBGene00000625,I,3010688,3011648,+
WBGene00021837,I,3012111,3012440,+
WBGene00021843,I,3015742,3021531,+
WBGene00021842,I,3021651,3028396,+
WBGene00021844,I,3028307,3031092,-
WBGene00021845,I,3031212,3032938,-
WBGene00021841,I,3032935,3034761,+
WBGene00003387,I,3035193,3047794,-
WBGene00021846,I,3052018,3059185,-
WBGene00021840,I,3059151,3069393,+
WBGene00000205,I,3069325,3070150,-
WBGene00019697,I,3070973,3084874,-
WBGene00019698,I,3085011,3096285,-
WBGene00003654,I,3094513,3109596,+
WBGene00195056,I,3109628,3110672,-
WBGene00016663,I,3115036,3117628,-
WBGene00219460,I,3132974,3135233,-
WBGene00000626,I,3137185,3138447,+
WBGene00045387,I,3138541,3140601,-
WBGene00019597,I,3141704,3143197,-
WBGene00003062,I,3144410,3147793,-
WBGene00019595,I,3147996,3150349,+
WBGene00006888,I,3150346,3162387,-
WBGene00019598,I,3150409,3152003,-
WBGene00019594,I,3152835,3155568,+
WBGene00021829,I,3162803,3163649,+
WBGene00021828,I,3163688,3167925,+
WBGene00021827,I,3167908,3171230,+
WBGene00021830,I,3173243,3176319,-
WBGene00021831,I,3176419,3192857,-
WBGene00021832,I,3193528,3198838,-
WBGene00021833,I,3199540,3203229,-
WBGene00021835,I,3206730,3209294,+
WBGene00001481,I,3211046,3217366,+
WBGene00004404,I,3217296,3222950,-
WBGene00000413,I,3223160,3228104,-
WBGene00021826,I,3229431,3233294,+
WBGene00003258,I,3233391,3255678,+
WBGene00021834,I,3244151,3246073,-
WBGene00021553,I,3259871,3264254,+
WBGene00021552,I,3264237,3266762,-
WBGene00020915,I,3267094,3269116,+
WBGene00004154,I,3269406,3280883,-
WBGene00020914,I,3287336,3293127,+
WBGene00020917,I,3293142,3294356,-
WBGene00020913,I,3299606,3300490,+
WBGene00000036,I,3302001,3307587,-
WBGene00021548,I,3317978,3318584,-
WBGene00021549,I,3319540,3330673,-
WBGene00021547,I,3338367,3340219,+
WBGene00021551,I,3340231,3349907,-
WBGene00021039,I,3352415,3359487,+
WBGene00195045,I,3362369,3363362,+
WBGene00021034,I,3364027,3365857,-
WBGene00021035,I,3367640,3368550,-
WBGene00021038,I,3368785,3371444,+
WBGene00021036,I,3374776,3407189,-
WBGene00019362,I,3410012,3415238,+
WBGene00019361,I,3419600,3424211,+
WBGene00019360,I,3427177,3433207,+
WBGene00004775,I,3433157,3438543,-
WBGene00006440,I,3439108,3449175,+
WBGene00021639,I,3439370,3442188,-
WBGene00003422,I,3449326,3462177,+
WBGene00021640,I,3462270,3468187,-
WBGene00004978,I,3467132,3478515,+
WBGene00021641,I,3472965,3476311,-
WBGene00021638,I,3479329,3481439,+
WBGene00000794,I,3481987,3484499,+
WBGene00021643,I,3487812,3499706,-
WBGene00021637,I,3502738,3508421,+
WBGene00021644,I,3508397,3512735,-
WBGene00021636,I,3516450,3523387,+
WBGene00021645,I,3523313,3529956,-
WBGene00021653,I,3523972,3524590,-
WBGene00021635,I,3533885,3539196,+
WBGene00004389,I,3539554,3546904,-
WBGene00021634,I,3547071,3552005,+
WBGene00021646,I,3551949,3559807,-
WBGene00021647,I,3559923,3562851,-
WBGene00045399,I,3564040,3565068,+
WBGene00003060,I,3565012,3600729,-
WBGene00021633,I,3601291,3602908,+
WBGene00044436,I,3603343,3604537,+
WBGene00021648,I,3604520,3605763,-
WBGene00021649,I,3606411,3608345,-
WBGene00002144,I,3608395,3612301,+
WBGene00002143,I,3611909,3618317,+
WBGene00021650,I,3618889,3619697,-
WBGene00044437,I,3620582,3625087,+
WBGene00000284,I,3629471,3631112,+
WBGene00020902,I,3631086,3636485,-
WBGene00020901,I,3637353,3638819,+
WBGene00020900,I,3639648,3641347,+
WBGene00000368,I,3641668,3647009,-
WBGene00000627,I,3651230,3652599,-
WBGene00000628,I,3653997,3655265,+
WBGene00020903,I,3655413,3662183,-
WBGene00004890,I,3666923,3671700,-
WBGene00001501,I,3680178,3680944,-
WBGene00004272,I,3682772,3684118,-
WBGene00017025,I,3684783,3690192,+
WBGene00017026,I,3690181,3694021,-
WBGene00003418,I,3694296,3697549,-
WBGene00002042,I,3698102,3699300,+
WBGene00017651,I,3706030,3709435,-
WBGene00017650,I,3712133,3713134,+
WBGene00003040,I,3713142,3721157,-
WBGene00001601,I,3726011,3731265,+
WBGene00020467,I,3731352,3732940,+
WBGene00004147,I,3732982,3740479,-
WBGene00020466,I,3741456,3742646,+
WBGene00021175,I,3745589,3748220,+
WBGene00002135,I,3748523,3753958,-
WBGene00002134,I,3755457,3759077,-
WBGene00022815,I,3769681,3773876,+
WBGene00194702,I,3773928,3774500,-
WBGene00016324,I,3774706,3777468,+
WBGene00004368,I,3778089,3781690,-
WBGene00016323,I,3782118,3783294,+
WBGene00016322,I,3783835,3784435,+
WBGene00016321,I,3786588,3787494,+
WBGene00004425,I,3788036,3788909,+
WBGene00004217,I,3789309,3792797,-
WBGene00016325,I,3794556,3798069,-
WBGene00016320,I,3796153,3796696,+
WBGene00006751,I,3798566,3805737,-
WBGene00016326,I,3807458,3816809,-
WBGene00003797,I,3817996,3821505,+
WBGene00006833,I,3824947,3826514,+
WBGene00018765,I,3827219,3828143,+
WBGene00044423,I,3828239,3829308,+
WBGene00018764,I,3830562,3834124,+
WBGene00018763,I,3834115,3837807,-
WBGene00020187,I,3838237,3839899,-
WBGene00020188,I,3839809,3841558,-
WBGene00020192,I,3853810,3854233,+
WBGene00020189,I,3854169,3859292,-
WBGene00020190,I,3859376,3862729,-
WBGene00001832,I,3862775,3865938,-
WBGene00020185,I,3867541,3869109,+
WBGene00000764,I,3869214,3870114,+
WBGene00020191,I,3871474,3873428,-
WBGene00020184,I,3874037,3875995,+
WBGene00020193,I,3875974,3876711,-
WBGene00016837,I,3877063,3880747,+
WBGene00016836,I,3881816,3888313,+
WBGene00000013,I,3885548,3885905,-
WBGene00000012,I,3886111,3887080,-
WBGene00016838,I,3888331,3891598,-
WBGene00016835,I,3892332,3895271,+
WBGene00016839,I,3895764,3897478,-
WBGene00001430,I,3898046,3899840,-
WBGene00016840,I,3900407,3901437,-
WBGene00016841,I,3901432,3905208,-
WBGene00003950,I,3908747,3909701,+
WBGene00020625,I,3909629,3910544,-
WBGene00077599,I,3910781,3912471,-
WBGene00020626,I,3912635,3915458,-
WBGene00020627,I,3917911,3920172,-
WBGene00020628,I,3920177,3925162,-
WBGene00020629,I,3925434,3927887,-
WBGene00020653,I,3930830,3931552,+
WBGene00020652,I,3932210,3934813,+
WBGene00003072,I,3935272,3953991,-
WBGene00018528,I,3960968,3962249,+
WBGene00018529,I,3963115,3964177,-
WBGene00018527,I,3964370,3965314,+
WBGene00018530,I,3965738,3967279,-
WBGene00018531,I,3968118,3970474,-
WBGene00018526,I,3970374,3971302,+
WBGene00018525,I,3972162,3973703,+
WBGene00017909,I,3974063,3977351,-
WBGene00017910,I,3978493,3979538,-
WBGene00000197,I,3983171,3986915,+
WBGene00000779,I,3987842,3988699,+
WBGene00017908,I,3995709,3996950,+
WBGene00006805,I,3999348,4031739,-
WBGene00018868,I,4005435,4006019,+
WBGene00006820,I,4035702,4090884,+
WBGene00015631,I,4071799,4073088,-
WBGene00016066,I,4094179,4098330,+
WBGene00016064,I,4103713,4108045,+
WBGene00016063,I,4109407,4112385,+
WBGene00000867,I,4114734,4116370,+
WBGene00019254,I,4116851,4118163,+
WBGene00019253,I,4123481,4124723,+
WBGene00003029,I,4126056,4129307,+
WBGene00002696,I,4129469,4132292,-
WBGene00017085,I,4132500,4135239,+
WBGene00017087,I,4135239,4137074,-
WBGene00017088,I,4137134,4140634,-
WBGene00017084,I,4139514,4142367,+
WBGene00017089,I,4142282,4144583,-
WBGene00077701,I,4145315,4147182,-
WBGene00017090,I,4147273,4148278,-
WBGene00020040,I,4148832,4149429,-
WBGene00020039,I,4149981,4150634,+
WBGene00020032,I,4151099,4151761,-
WBGene00020033,I,4153957,4154550,-
WBGene00020034,I,4155542,4158733,-
WBGene00002137,I,4159014,4161149,-
WBGene00002138,I,4162035,4165015,+
WBGene00002139,I,4165135,4167229,+
WBGene00020035,I,4168984,4171589,-
WBGene00020036,I,4172433,4173739,-
WBGene00020037,I,4173743,4174774,-
WBGene00004464,I,4175319,4177271,+
WBGene00020038,I,4177305,4178447,-
WBGene00020031,I,4178812,4182158,+
WBGene00020030,I,4182221,4184992,+
WBGene00004093,I,4185060,4189956,+
WBGene00015975,I,4190142,4193129,+
WBGene00015974,I,4193241,4203303,+
WBGene00015973,I,4202417,4203040,+
WBGene00015972,I,4203458,4208537,+
WBGene00001985,I,4208515,4210341,-
WBGene00015971,I,4210979,4212667,+
WBGene00015970,I,4212708,4214317,+
WBGene00015976,I,4214294,4215768,-
WBGene00003516,I,4229577,4236039,+
WBGene00016605,I,4236954,4238617,+
WBGene00003584,I,4239088,4242727,-
WBGene00016606,I,4242821,4247582,-
WBGene00007001,I,4247754,4249415,+
WBGene00016608,I,4249482,4253170,+
WBGene00016609,I,4253242,4254139,+
WBGene00016603,I,4254380,4264699,+
WBGene00016602,I,4265109,4267238,+
WBGene00016607,I,4267199,4267967,-
WBGene00000382,I,4268070,4270287,-
WBGene00016601,I,4270697,4273332,+
WBGene00021631,I,4273896,4274742,-
WBGene00021630,I,4275888,4276947,+
WBGene00021632,I,4277684,4279622,-
WBGene00021629,I,4298184,4302243,+
WBGene00021628,I,4303930,4308244,+
WBGene00000140,I,4321095,4359080,+
WBGene00000045,I,4359207,4362548,+
WBGene00022833,I,4363415,4364048,+
WBGene00022834,I,4364906,4367049,-
WBGene00022832,I,4368089,4370504,+
WBGene00022835,I,4370419,4372138,-
WBGene00003061,I,4372255,4373018,-
WBGene00022831,I,4373656,4379329,+
WBGene00022836,I,4379325,4381948,-
WBGene00022830,I,4382565,4385218,+
WBGene00000962,I,4386785,4401980,+
WBGene00020655,I,4401956,4404585,+
WBGene00015704,I,4409689,4426137,+
WBGene00020656,I,4412295,4413221,-
WBGene00195180,I,4427024,4428026,+
WBGene00016562,I,4428467,4444342,-
WBGene00001231,I,4444719,4446598,+
WBGene00000787,I,4446577,4448461,-
WBGene00016567,I,4448576,4449774,-
WBGene00016564,I,4449879,4450927,-
WBGene00016566,I,4451200,4456805,-
WBGene00016561,I,4457383,4469461,+
WBGene00016565,I,4460146,4462704,-
WBGene00020131,I,4481203,4508930,+
WBGene00022470,I,4508917,4511126,-
WBGene00022471,I,4511440,4516512,-
WBGene00022472,I,4517260,4518491,-
WBGene00044754,I,4520070,4522768,+
WBGene00022473,I,4526232,4534798,-
WBGene00022474,I,4537449,4539725,-
WBGene00022469,I,4549695,4552758,+
WBGene00044441,I,4552851,4553121,-
WBGene00022467,I,4554126,4555203,+
WBGene00022475,I,4555343,4556814,-
WBGene00017010,I,4557664,4563694,+
WBGene00004113,I,4564035,4565976,+
WBGene00017009,I,4566495,4568385,+
WBGene00000440,I,4568962,4570027,-
WBGene00000629,I,4571214,4572787,-
WBGene00017001,I,4575782,4577204,-
WBGene00044421,I,4578695,4579740,-
WBGene00017002,I,4579964,4580601,-
WBGene00017003,I,4580692,4583810,-
WBGene00004479,I,4583873,4584505,-
WBGene00004436,I,4585115,4586177,+
WBGene00017007,I,4586273,4589463,+
WBGene00045048,I,4589380,4589899,-
WBGene00017006,I,4590430,4591587,+
WBGene00017004,I,4597914,4602666,-
WBGene00017011,I,4603217,4604196,+
WBGene00017005,I,4604175,4605385,+
WBGene00016654,I,4605655,4610202,+
WBGene00016650,I,4610147,4633377,-
WBGene00016653,I,4634103,4635620,+
WBGene00016655,I,4635722,4637328,-
WBGene00016652,I,4637432,4640882,-
WBGene00022466,I,4641003,4644069,-
WBGene00015008,I,4644677,4645657,+
WBGene00004415,I,4645641,4646963,-
WBGene00015011,I,4647280,4648275,+
WBGene00015009,I,4648272,4650770,-
WBGene00015010,I,4652145,4652906,-
WBGene00015007,I,4653471,4660151,+
WBGene00206362,I,4661115,4662219,-
WBGene00015006,I,4664499,4665331,+
WBGene00006961,I,4665744,4671738,-
WBGene00006791,I,4675135,4679409,+
WBGene00020212,I,4679671,4682755,+
WBGene00007053,I,4685865,4698575,-
WBGene00021112,I,4704598,4705881,+
WBGene00021111,I,4706682,4708762,+
WBGene00021113,I,4709262,4710712,-
WBGene00021110,I,4711414,4713572,+
WBGene00021114,I,4714320,4715485,-
WBGene00021115,I,4716059,4717441,-
WBGene00021109,I,4717623,4719575,+
WBGene00015696,I,4719789,4721098,+
WBGene00015695,I,4721131,4723960,+
WBGene00015694,I,4724065,4726779,+
WBGene00015693,I,4727280,4730366,+
WBGene00015692,I,4731603,4735276,+
WBGene00015697,I,4735471,4738100,-
WBGene00002694,I,4738171,4744321,-
WBGene00015691,I,4747490,4759601,+
WBGene00015698,I,4759820,4761321,-
WBGene00019769,I,4763220,4765313,-
WBGene00019768,I,4765754,4767515,+
WBGene00019767,I,4769694,4771358,+
WBGene00019770,I,4771348,4773673,-
WBGene00019771,I,4773818,4788358,-
WBGene00023067,I,4789190,4789592,+
WBGene00023068,I,4790292,4790649,+
WBGene00006984,I,4790644,4792560,-
WBGene00018798,I,4800043,4804268,+
WBGene00018797,I,4805607,4809674,+
WBGene00019012,I,4821933,4824811,+
WBGene00019013,I,4824921,4826633,-
WBGene00002034,I,4827072,4829794,+
WBGene00019011,I,4830135,4835619,+
WBGene00019010,I,4836187,4844966,+
WBGene00019009,I,4845013,4847336,+
WBGene00019008,I,4848425,4850717,+
WBGene00015303,I,4850682,4867825,-
WBGene00017795,I,4884903,4895495,+
WBGene00001592,I,4885062,4888002,-
WBGene00017674,I,4896003,4897541,+
WBGene00006774,I,4897620,4900977,-
WBGene00017673,I,4901918,4903264,+
WBGene00017672,I,4903437,4905138,+
WBGene00017671,I,4906786,4911829,+
WBGene00017675,I,4911805,4914047,-
WBGene00017676,I,4918372,4920770,+
WBGene00002075,I,4920707,4926233,-
WBGene00017886,I,4926592,4928840,+
WBGene00017888,I,4928654,4932147,+
WBGene00017885,I,4934118,4949332,+
WBGene00017889,I,4949327,4950410,-
WBGene00017887,I,4950583,4951550,-
WBGene00001860,I,4951570,4957667,-
WBGene00044431,I,4957776,4958309,-
WBGene00021015,I,4959396,4961525,+
WBGene00021014,I,4962451,4964745,+
WBGene00000155,I,4964667,4967089,-
WBGene00021016,I,4968007,4970245,-
WBGene00044432,I,4969923,4972243,+
WBGene00004900,I,4980307,4983958,+
WBGene00195069,I,4984138,4984744,+
WBGene00003906,I,4984760,4986739,-
WBGene00021017,I,4986954,4989454,-
WBGene00001117,I,4989568,4994675,-
WBGene00003221,I,4996839,5003161,+
WBGene00001050,I,5003351,5005163,+
WBGene00018792,I,5004924,5006057,-
WBGene00006058,I,5006706,5007991,+
WBGene00018789,I,5008770,5013581,+
WBGene00018791,I,5014351,5016260,-
WBGene00003934,I,5018770,5020166,-
WBGene00016730,I,5020748,5023210,+
WBGene00002979,I,5023889,5041149,+
WBGene00016729,I,5041492,5042055,+
WBGene00016731,I,5042102,5043453,-
WBGene00016732,I,5044201,5045720,-
WBGene00016733,I,5046394,5048018,-
WBGene00016728,I,5050040,5052523,+
WBGene00016734,I,5052529,5054960,-
WBGene00016727,I,5055686,5056039,+
WBGene00016735,I,5058251,5068829,-
WBGene00016258,I,5079911,5082279,-
WBGene00002213,I,5086317,5093793,+
WBGene00016259,I,5096601,5100579,+
WBGene00022465,I,5100751,5101674,+
WBGene00004959,I,5101682,5103467,-
WBGene00000502,I,5103581,5104956,-
WBGene00003924,I,5105110,5106204,-
WBGene00022460,I,5106204,5107625,+
WBGene00000001,I,5107833,5110183,+
WBGene00045212,I,5110075,5111154,-
WBGene00022462,I,5110919,5113752,-
WBGene00022463,I,5114119,5118852,-
WBGene00022459,I,5119223,5123985,+
WBGene00003132,I,5123916,5127199,-
WBGene00022458,I,5127828,5129611,+
WBGene00022457,I,5129640,5131065,+
WBGene00022456,I,5131288,5134101,+
WBGene00003475,I,5134709,5137971,+
WBGene00022455,I,5138256,5139382,+
WBGene00006797,I,5141675,5149226,+
WBGene00022454,I,5154529,5158467,+
WBGene00004094,I,5158511,5162231,-
WBGene00002804,I,5162599,5164884,-
WBGene00001833,I,5165152,5171313,+
WBGene00004955,I,5171285,5176664,-
WBGene00003792,I,5176466,5182801,+
WBGene00018909,I,5182736,5186234,+
WBGene00000272,I,5186926,5188995,+
WBGene00018908,I,5190142,5195243,+
WBGene00016328,I,5196078,5200102,+
WBGene00016329,I,5200258,5203504,-
WBGene00004771,I,5204540,5215218,-
WBGene00016330,I,5230549,5242607,-
WBGene00016327,I,5232576,5235222,+
WBGene00015092,I,5244283,5245402,+
WBGene00002583,I,5245743,5263413,+
WBGene00015093,I,5249772,5250618,-
WBGene00015094,I,5255447,5256945,-
WBGene00015091,I,5263694,5268380,+
WBGene00195057,I,5268419,5269463,+
WBGene00015095,I,5269545,5270941,-
WBGene00015096,I,5271265,5272037,-
WBGene00015312,I,5272846,5274339,-
WBGene00000540,I,5274693,5278708,-
WBGene00000965,I,5278803,5281526,-
WBGene00001022,I,5282085,5283944,-
WBGene00001333,I,5284062,5291604,-
WBGene00015313,I,5298755,5300331,-
WBGene00002717,I,5300901,5317392,-
WBGene00018596,I,5314333,5314606,+
WBGene00018598,I,5317491,5318124,-
WBGene00018599,I,5318225,5319301,-
WBGene00018595,I,5319720,5321117,+
WBGene00018594,I,5324511,5330222,+
WBGene00004965,I,5330578,5332194,-
WBGene00018601,I,5332249,5332780,-
WBGene00195179,I,5333779,5334931,-
WBGene00018600,I,5335192,5338646,-
WBGene00018865,I,5338922,5342012,+
WBGene00000150,I,5342180,5344724,-
WBGene00018864,I,5345927,5349657,+
WBGene00018866,I,5349646,5353767,-
WBGene00000966,I,5354160,5357026,+
WBGene00004087,I,5358522,5365170,+
WBGene00018863,I,5365265,5366875,+
WBGene00018867,I,5366944,5367829,-
WBGene00004131,I,5372854,5384508,-
WBGene00016041,I,5380160,5383029,+
WBGene00016042,I,5384639,5385737,-
WBGene00016043,I,5396269,5396503,-
WBGene00016040,I,5401757,5402896,+
WBGene00001491,I,5402889,5408344,-
WBGene00000761,I,5412841,5415629,-
WBGene00016278,I,5416649,5420731,-
WBGene00017855,I,5421313,5428457,-
WBGene00017854,I,5422783,5423264,+
WBGene00017853,I,5426273,5427316,+
WBGene00000230,I,5428469,5429908,-
WBGene00017852,I,5430164,5431449,+
WBGene00001067,I,5432158,5433054,-
WBGene00017858,I,5433907,5443026,-
WBGene00017851,I,5434805,5435785,+
WBGene00017860,I,5443878,5446855,-
WBGene00020262,I,5455730,5459550,-
WBGene00001859,I,5463480,5469627,-
WBGene00020263,I,5472321,5479438,-
WBGene00015635,I,5479550,5484643,-
WBGene00004431,I,5484779,5486354,-
WBGene00015636,I,5486487,5487150,-
WBGene00206357,I,5487376,5488241,-
WBGene00015634,I,5488309,5490626,+
WBGene00015633,I,5491424,5493263,+
WBGene00015632,I,5497679,5505447,+
WBGene00019076,I,5505377,5507023,-
WBGene00019077,I,5507123,5509288,-
WBGene00019079,I,5509473,5511705,-
WBGene00019075,I,5512048,5514557,+
WBGene00185086,I,5514651,5516025,+
WBGene00194697,I,5516102,5517380,+
WBGene00019080,I,5517347,5518563,-
WBGene00019074,I,5520389,5529763,+
WBGene00019081,I,5522396,5525340,-
WBGene00019082,I,5530618,5533710,-
WBGene00019083,I,5542630,5543334,-
WBGene00006594,I,5546120,5561642,+
WBGene00019693,I,5549137,5550505,-
WBGene00019692,I,5563827,5566265,+
WBGene00019713,I,5566343,5570081,-
WBGene00000474,I,5571787,5573019,-
WBGene00019712,I,5573214,5576749,+
WBGene00002225,I,5577055,5579394,-
WBGene00019711,I,5579666,5581979,+
WBGene00019710,I,5582005,5583471,+
WBGene00006508,I,5583407,5607529,-
WBGene00006726,I,5607820,5608841,-
WBGene00006919,I,5609310,5610270,-
WBGene00018512,I,5610375,5616402,-
WBGene00018509,I,5616593,5618682,-
WBGene00000473,I,5619569,5620668,+
WBGene00018510,I,5620751,5623035,+
WBGene00018513,I,5623019,5624475,-
WBGene00018511,I,5624558,5626288,-
WBGene00018508,I,5627819,5637622,+
WBGene00044616,I,5643310,5644057,+
WBGene00000630,I,5644729,5646370,+
WBGene00018890,I,5646369,5649656,-
WBGene00018891,I,5649756,5653648,-
WBGene00018892,I,5653804,5655857,-
WBGene00018893,I,5655950,5658118,-
WBGene00018894,I,5657980,5658723,-
WBGene00018895,I,5659450,5661272,-
WBGene00004224,I,5662143,5667160,+
WBGene00018896,I,5667069,5668837,-
WBGene00018897,I,5669950,5673352,-
WBGene00020558,I,5674304,5676609,+
WBGene00001039,I,5676827,5677646,+
WBGene00020557,I,5678638,5679862,+
WBGene00006776,I,5679844,5691503,-
WBGene00003793,I,5691838,5697506,+
WBGene00020556,I,5702156,5706838,+
WBGene00002989,I,5716574,5725772,+
WBGene00015442,I,5726308,5729310,-
WBGene00018994,I,5729793,5735842,-
WBGene00206363,I,5739503,5740301,+
WBGene00004505,I,5741868,5743571,-
WBGene00044305,I,5744148,5745617,+
WBGene00000493,I,5746633,5754278,+
WBGene00018995,I,5754312,5760803,-
WBGene00045483,I,5760897,5762435,-
WBGene00020694,I,5764030,5768190,+
WBGene00020693,I,5768919,5773627,+
WBGene00001856,I,5774585,5775610,+
WBGene00004393,I,5776154,5788610,+
WBGene00000772,I,5788634,5791752,-
WBGene00001600,I,5792324,5795114,-
WBGene00003472,I,5795404,5801299,-
WBGene00015175,I,5801872,5803266,+
WBGene00015176,I,5803959,5807291,-
WBGene00003020,I,5807709,5815637,+
WBGene00016332,I,5808421,5810002,-
WBGene00001973,I,5815609,5818132,-
WBGene00003601,I,5818477,5821134,-
WBGene00016333,I,5822841,5826148,-
WBGene00016331,I,5829072,5834640,+
WBGene00018002,I,5834644,5837392,-
WBGene00269382,I,5838245,5838845,+
WBGene00000436,I,5840289,5841888,+
WBGene00000631,I,5842709,5844050,+
WBGene00018003,I,5844836,5846466,-
WBGene00018001,I,5847477,5849391,+
WBGene00018004,I,5850038,5851828,-
WBGene00018000,I,5852045,5852962,+
WBGene00018005,I,5854261,5855047,-
WBGene00018006,I,5857548,5862557,-
WBGene00018009,I,5862644,5866431,-
WBGene00018007,I,5866514,5868139,-
WBGene00018008,I,5868266,5869954,-
WBGene00016421,I,5872174,5874343,+
WBGene00016422,I,5874422,5878954,-
WBGene00003996,I,5886613,5895970,+
WBGene00016420,I,5896618,5897405,+
WBGene00016419,I,5898303,5902112,+
WBGene00004109,I,5902106,5904695,-
WBGene00016418,I,5906662,5918229,+
WBGene00015028,I,5919055,5935416,+
WBGene00015029,I,5935370,5936957,-
WBGene00000099,I,5937477,5938885,+
WBGene00001676,I,5942419,5945537,+
WBGene00015030,I,5945581,5947620,-
WBGene00015031,I,5951136,5951742,-
WBGene00015027,I,5955031,5956883,+
WBGene00015032,I,5957461,5958457,-
WBGene00015033,I,5959008,5959526,-
WBGene00015034,I,5962953,5964183,-
WBGene00015026,I,5965062,5967211,+
WBGene00000232,I,5967250,5973320,-
WBGene00015504,I,5981778,5985869,-
WBGene00015501,I,5986443,5990581,+
WBGene00004803,I,5990741,5992658,+
WBGene00006823,I,5992661,6003363,-
WBGene00044414,I,6004599,6007595,-
WBGene00015500,I,6006264,6007295,+
WBGene00015505,I,6008105,6009606,-
WBGene00004380,I,6009782,6011586,-
WBGene00015499,I,6011977,6022516,+
WBGene00000814,I,6022660,6026874,+
WBGene00194700,I,6024150,6025014,-
WBGene00015001,I,6027194,6028370,+
WBGene00006932,I,6028486,6033457,+
WBGene00016155,I,6035452,6037745,+
WBGene00006492,I,6038406,6041265,+
WBGene00016154,I,6041672,6046018,+
WBGene00000429,I,6046832,6050462,-
WBGene00016156,I,6053785,6055821,-
WBGene00016157,I,6055947,6058424,-
WBGene00016158,I,6058546,6061033,-
WBGene00016159,I,6061752,6068040,-
WBGene00023409,I,6064088,6065298,+
WBGene00022749,I,6068526,6070122,-
WBGene00022750,I,6070236,6078895,-
WBGene00001819,I,6081782,6085962,+
WBGene00022751,I,6087366,6087764,-
WBGene00022752,I,6090015,6090919,-
WBGene00022748,I,6093305,6094426,+
WBGene00022753,I,6095060,6096589,-
WBGene00022754,I,6097494,6097837,-
WBGene00020840,I,6098927,6099731,+
WBGene00020841,I,6100261,6101789,-
WBGene00006044,I,6102032,6102463,+
WBGene00044611,I,6104805,6105589,+
WBGene00020842,I,6105863,6107715,-
WBGene00020843,I,6107809,6109679,-
WBGene00020839,I,6110134,6114537,+
WBGene00020838,I,6122590,6126851,+
WBGene00003878,I,6133245,6137978,+
WBGene00018981,I,6137994,6138955,+
WBGene00018982,I,6139216,6140444,-
WBGene00018980,I,6141469,6144386,+
WBGene00018979,I,6145455,6146477,+
WBGene00050896,I,6146461,6147068,+
WBGene00018978,I,6148142,6148836,+
WBGene00045498,I,6149197,6150480,+
WBGene00020379,I,6154075,6157438,+
WBGene00020380,I,6157473,6159264,-
WBGene00020381,I,6160054,6161665,-
WBGene00020382,I,6164719,6166539,-
WBGene00020378,I,6167940,6168642,+
WBGene00020377,I,6176252,6178057,+
WBGene00020383,I,6177983,6180840,-
WBGene00000500,I,6181314,6183913,-
WBGene00020376,I,6184072,6185368,+
WBGene00020375,I,6185462,6188121,+
WBGene00020259,I,6188157,6192632,+
WBGene00020260,I,6192552,6194897,-
WBGene00000632,I,6199141,6200193,+
WBGene00020261,I,6200798,6202076,-
WBGene00020258,I,6203897,6206927,+
WBGene00020347,I,6206955,6211155,-
WBGene00020348,I,6211270,6211885,-
WBGene00001497,I,6211986,6214645,-
WBGene00206356,I,6214665,6215731,+
WBGene00020346,I,6215669,6219911,+
WBGene00004486,I,6220090,6220766,-
WBGene00020349,I,6221245,6223116,-
WBGene00020345,I,6225096,6225964,+
WBGene00020350,I,6231496,6232129,-
WBGene00000633,I,6232777,6234280,+
WBGene00016752,I,6234708,6235391,+
WBGene00016751,I,6236134,6249762,+
WBGene00005000,I,6249556,6250197,-
WBGene00000583,I,6250475,6252834,+
WBGene00016754,I,6252986,6253584,+
WBGene00003059,I,6253701,6254947,+
WBGene00016750,I,6255035,6257791,+
WBGene00016749,I,6260249,6264540,+
WBGene00016753,I,6265691,6269073,-
WBGene00006689,I,6269561,6271541,-
WBGene00015688,I,6271866,6273780,-
WBGene00015689,I,6274575,6275291,-
WBGene00015687,I,6284973,6289340,+
WBGene00015686,I,6289433,6293855,+
WBGene00004068,I,6295067,6297625,+
WBGene00005272,I,6297767,6299729,+
WBGene00005274,I,6300493,6302298,+
WBGene00005273,I,6302474,6304263,+
WBGene00015690,I,6304916,6306363,-
WBGene00015685,I,6307303,6308636,+
WBGene00017817,I,6309114,6310781,+
WBGene00000634,I,6311229,6312413,+
WBGene00005171,I,6312750,6314624,+
WBGene00002073,I,6315233,6317267,+
WBGene00017816,I,6317701,6320365,+
WBGene00002601,I,6320289,6324018,-
WBGene00017815,I,6326875,6327972,+
WBGene00194703,I,6329536,6330181,+
WBGene00000254,I,6342231,6356678,+
WBGene00003499,I,6356614,6358410,-
WBGene00019396,I,6358585,6360457,+
WBGene00019395,I,6360844,6364172,+
WBGene00019394,I,6364886,6366224,+
WBGene00019399,I,6366331,6368078,+
WBGene00022586,I,6368270,6369598,+
WBGene00001596,I,6369934,6386183,+
WBGene00022592,I,6386149,6392524,-
WBGene00022591,I,6404587,6405705,+
WBGene00022594,I,6405882,6406936,-
WBGene00004721,I,6407458,6409212,+
WBGene00022593,I,6409050,6417010,-
WBGene00019992,I,6418565,6418809,+
WBGene00019993,I,6420660,6421985,-
WBGene00018156,I,6421978,6425794,+
WBGene00018157,I,6425793,6428942,-
WBGene00018158,I,6429525,6431586,-
WBGene00004924,I,6436058,6441192,+
WBGene00020742,I,6441637,6446465,-
WBGene00003798,I,6447304,6453933,+
WBGene00020743,I,6453875,6456984,-
WBGene00004273,I,6457061,6458479,-
WBGene00019432,I,6460433,6464286,+
WBGene00019433,I,6464197,6466941,-
WBGene00019431,I,6466752,6467515,+
WBGene00019430,I,6468113,6469392,+
WBGene00000386,I,6469386,6471995,-
WBGene00019429,I,6473207,6476756,+
WBGene00019434,I,6474183,6489030,-
WBGene00016945,I,6482451,6485857,+
WBGene00000937,I,6490716,6492727,-
WBGene00007018,I,6492722,6494754,-
WBGene00016944,I,6494216,6496109,+
WBGene00016943,I,6497436,6499560,+
WBGene00016942,I,6499537,6501410,+
WBGene00016946,I,6502167,6503920,-
WBGene00001627,I,6507894,6511630,+
WBGene00016947,I,6511612,6513843,-
WBGene00001599,I,6513928,6517507,+
WBGene00000483,I,6517575,6520879,-
WBGene00020415,I,6521829,6523442,-
WBGene00020414,I,6525045,6528689,+
WBGene00020416,I,6529158,6530099,-
WBGene00020417,I,6530131,6531963,-
WBGene00271694,I,6531983,6533031,-
WBGene00020413,I,6534072,6539193,+
WBGene00020418,I,6539129,6541084,-
WBGene00020412,I,6542090,6544966,+
WBGene00020411,I,6545110,6546593,+
WBGene00020419,I,6546615,6548675,-
WBGene00019005,I,6548644,6550447,-
WBGene00019006,I,6550536,6552665,-
WBGene00019007,I,6552834,6553379,-
WBGene00000896,I,6553481,6554290,-
WBGene00006607,I,6554729,6558623,+
WBGene00019004,I,6558696,6562346,+
WBGene00019003,I,6562699,6563660,+
WBGene00000236,I,6563629,6564451,-
WBGene00003184,I,6564749,6565868,-
WBGene00019002,I,6566173,6568905,+
WBGene00019001,I,6569494,6572598,+
WBGene00002783,I,6574004,6585510,+
WBGene00006624,I,6585039,6587882,+
WBGene00018582,I,6592332,6593831,+
WBGene00018581,I,6594320,6596231,+
WBGene00017067,I,6596919,6598928,+
WBGene00017066,I,6598981,6607520,-
WBGene00017065,I,6612188,6615990,-
WBGene00006645,I,6616304,6618560,+
WBGene00017068,I,6620665,6621292,+
WBGene00000050,I,6621687,6624894,-
WBGene00017064,I,6625066,6626788,-
WBGene00044610,I,6627045,6627914,-
WBGene00017063,I,6629717,6637429,-
WBGene00006625,I,6640662,6642643,-
WBGene00195178,I,6642719,6643667,-
WBGene00022633,I,6651220,6655430,+
WBGene00022632,I,6655608,6658371,+
WBGene00022634,I,6660436,6662315,-
WBGene00022631,I,6663050,6665160,+
WBGene00022635,I,6665077,6673840,-
WBGene00015907,I,6669184,6669592,+
WBGene00015908,I,6682333,6683697,+
WBGene00020712,I,6687349,6691662,-
WBGene00020713,I,6705546,6706422,-
WBGene00020714,I,6706766,6708919,-
WBGene00255605,I,6710870,6711201,+
WBGene00020710,I,6715949,6717090,+
WBGene00020709,I,6717819,6719430,+
WBGene00020933,I,6719368,6723059,-
WBGene00003170,I,6724917,6728330,+
WBGene00002258,I,6728290,6729376,-
WBGene00007057,I,6729996,6730959,-
WBGene00002257,I,6731267,6732280,-
WBGene00004883,I,6734029,6736161,-
WBGene00020932,I,6736680,6741175,+
WBGene00020931,I,6741274,6741877,+
WBGene00020937,I,6741984,6742358,+
WBGene00006773,I,6742293,6745341,-
WBGene00020935,I,6745991,6753031,-
WBGene00020936,I,6753219,6756348,-
WBGene00001682,I,6757763,6758178,+
WBGene00017240,I,6758181,6760179,-
WBGene00017239,I,6760416,6761435,+
WBGene00006819,I,6761228,6767797,-
WBGene00004111,I,6773976,6780151,-
WBGene00000871,I,6780806,6784396,+
WBGene00016491,I,6784854,6787139,+
WBGene00016492,I,6788032,6789002,-
WBGene00016493,I,6789039,6789738,-
WBGene00004110,I,6791025,6797470,+
WBGene00016494,I,6798232,6799674,-
WBGene00017098,I,6800386,6804860,+
WBGene00019324,I,6804788,6810451,-
WBGene00006740,I,6812664,6814248,+
WBGene00019323,I,6814511,6834687,+
WBGene00004778,I,6820532,6823093,-
WBGene00019322,I,6836375,6838140,+
WBGene00001056,I,6838354,6843343,+
WBGene00001075,I,6843589,6845134,+
WBGene00019248,I,6845175,6846952,-
WBGene00019247,I,6847511,6849923,+
WBGene00019246,I,6850409,6851356,+
WBGene00019245,I,6851372,6854140,+
WBGene00001598,I,6854688,6857529,+
WBGene00044898,I,6862397,6870424,+
WBGene00020660,I,6870415,6871911,+
WBGene00020661,I,6872597,6873755,-
WBGene00020659,I,6874304,6876928,+
WBGene00006423,I,6877080,6888217,-
WBGene00016742,I,6889254,6891501,+
WBGene00016743,I,6897755,6900619,-
WBGene00004879,I,6900947,6913579,-
WBGene00016741,I,6915049,6916609,+
WBGene00016740,I,6916766,6917560,+
WBGene00016744,I,6917750,6922955,-
WBGene00016746,I,6923076,6923688,-
WBGene00016745,I,6924288,6925463,-
WBGene00020399,I,6926262,6929664,+
WBGene00020398,I,6931138,6936928,+
WBGene00020400,I,6937504,6939618,-
WBGene00020401,I,6940249,6941950,-
WBGene00020402,I,6943176,6945358,-
WBGene00020403,I,6945596,6950499,-
WBGene00020397,I,6951135,6951982,+
WBGene00020404,I,6951900,6954252,-
WBGene00016260,I,6954414,6961139,-
WBGene00016261,I,6967670,6970190,-
WBGene00016262,I,6970367,6971879,-
WBGene00016263,I,6972157,6973789,-
WBGene00016266,I,6974558,6977100,+
WBGene00016265,I,6989067,6992106,+
WBGene00016264,I,6991951,6999706,-
WBGene00010370,I,7005443,7009190,+
WBGene00010369,I,7009139,7015212,-
WBGene00003964,I,7015912,7021743,-
WBGene00008852,I,7021946,7029076,+
WBGene00004773,I,7038900,7048832,+
WBGene00044988,I,7053688,7054912,-
WBGene00012164,I,7053773,7056875,-
WBGene00007024,I,7057170,7059351,+
WBGene00012165,I,7065263,7067899,+
WBGene00012166,I,7068106,7069186,-
WBGene00012167,I,7069440,7070728,+
WBGene00012168,I,7070649,7074733,-
WBGene00002198,I,7075918,7079566,-
WBGene00009050,I,7079868,7081520,-
WBGene00003815,I,7088030,7090062,-
WBGene00009051,I,7090623,7091371,+
WBGene00004186,I,7091309,7094537,-
WBGene00009052,I,7095486,7098406,+
WBGene00043279,I,7098981,7099497,-
WBGene00009054,I,7099810,7101775,+
WBGene00009056,I,7102216,7103392,-
WBGene00000636,I,7105302,7106926,+
WBGene00001643,I,7110240,7112287,+
WBGene00001644,I,7112903,7115001,+
WBGene00010740,I,7116092,7116889,-
WBGene00001614,I,7117808,7121545,+
WBGene00219281,I,7121657,7122194,-
WBGene00006753,I,7122614,7128423,-
WBGene00006394,I,7132747,7134312,+
WBGene00010738,I,7134738,7139973,-
WBGene00010427,I,7140278,7147230,-
WBGene00010645,I,7149937,7151887,-
WBGene00010641,I,7152463,7156868,-
WBGene00006963,I,7159714,7160917,+
WBGene00010642,I,7161016,7166518,+
WBGene00010643,I,7166932,7168783,-
WBGene00010644,I,7169997,7172189,+
WBGene00010870,I,7172463,7174156,-
WBGene00194654,I,7175539,7176434,-
WBGene00010869,I,7177953,7179430,-
WBGene00010873,I,7183053,7185709,+
WBGene00010871,I,7185695,7188298,+
WBGene00010872,I,7188465,7190581,+
WBGene00001949,I,7190834,7193924,-
WBGene00000637,I,7202242,7203533,-
WBGene00007252,I,7204541,7207717,-
WBGene00007253,I,7208028,7209866,-
WBGene00007254,I,7210515,7212579,+
WBGene00003622,I,7214745,7221781,+
WBGene00007255,I,7222296,7224381,+
WBGene00007256,I,7224656,7227767,+
WBGene00007257,I,7227859,7229434,+
WBGene00007258,I,7229433,7233121,-
WBGene00011062,I,7233645,7234501,-
WBGene00011061,I,7235371,7238790,+
WBGene00000963,I,7238994,7243967,-
WBGene00011063,I,7244937,7246295,+
WBGene00011065,I,7246075,7246811,-
WBGene00011064,I,7246849,7248741,-
WBGene00003041,I,7248828,7251422,-
WBGene00000275,I,7251941,7255223,+
WBGene00011066,I,7255380,7258700,+
WBGene00002348,I,7258915,7267117,-
WBGene00006656,I,7269179,7273005,-
WBGene00009001,I,7274282,7278573,-
WBGene00077548,I,7278802,7279609,-
WBGene00009002,I,7279658,7280501,-
WBGene00004324,I,7280552,7282871,-
WBGene00009004,I,7282964,7283818,-
WBGene00009005,I,7283907,7285762,-
WBGene00008762,I,7291272,7293331,+
WBGene00005131,I,7294038,7295687,+
WBGene00008770,I,7295753,7297004,+
WBGene00008763,I,7296913,7299983,-
WBGene00008764,I,7300062,7300913,-
WBGene00008765,I,7301007,7303227,-
WBGene00008766,I,7303300,7304690,-
WBGene00008767,I,7304918,7307010,+
WBGene00008769,I,7307117,7308626,+
WBGene00001136,I,7308603,7311939,-
WBGene00003236,I,7312797,7313525,-
WBGene00008768,I,7313585,7314277,-
WBGene00009915,I,7317646,7318337,+
WBGene00001680,I,7318290,7321085,-
WBGene00009916,I,7322270,7324415,-
WBGene00009917,I,7339204,7345949,+
WBGene00009918,I,7345932,7347427,-
WBGene00009919,I,7347222,7350386,+
WBGene00002136,I,7350312,7352235,-
WBGene00008541,I,7352415,7353701,+
WBGene00008542,I,7354491,7357180,+
WBGene00008543,I,7357180,7359100,-
WBGene00006306,I,7360199,7371534,-
WBGene00006754,I,7376604,7383197,-
WBGene00007597,I,7384398,7388792,+
WBGene00000612,I,7385907,7386935,-
WBGene00004944,I,7389049,7395918,-
WBGene00007598,I,7398824,7401023,-
WBGene00000596,I,7401674,7402753,+
WBGene00000638,I,7403291,7404374,-
WBGene00007599,I,7404950,7408511,+
WBGene00006752,I,7422785,7454088,+
WBGene00004958,I,7454660,7456953,+
WBGene00003074,I,7457153,7460756,-
WBGene00013994,I,7460858,7466424,-
WBGene00012136,I,7472611,7476946,-
WBGene00012137,I,7480108,7483392,+
WBGene00012138,I,7484159,7486302,-
WBGene00012139,I,7486564,7494700,-
WBGene00271567,I,7489894,7490428,+
WBGene00012140,I,7491816,7492934,+
WBGene00007042,I,7495437,7503577,+
WBGene00007742,I,7503576,7505580,-
WBGene00007740,I,7505951,7506693,+
WBGene00007741,I,7508721,7512593,+
WBGene00077553,I,7512918,7513726,-
WBGene00007743,I,7514117,7515126,-
WBGene00001648,I,7522116,7526703,+
WBGene00003552,I,7527224,7531715,+
WBGene00007739,I,7532315,7535997,+
WBGene00000938,I,7536204,7542157,-
WBGene00012029,I,7552975,7554553,+
WBGene00000496,I,7554855,7559916,+
WBGene00012030,I,7559839,7562349,+
WBGene00012031,I,7564584,7567719,+
WBGene00008411,I,7567775,7571250,-
WBGene00008412,I,7574195,7578564,+
WBGene00008413,I,7578512,7580833,-
WBGene00008414,I,7580944,7581628,-
WBGene00008415,I,7582106,7583349,+
WBGene00008421,I,7583810,7585340,+
WBGene00004178,I,7585324,7588367,-
WBGene00008417,I,7588580,7590565,+
WBGene00008420,I,7590543,7591204,+
WBGene00008418,I,7591288,7595198,+
WBGene00008419,I,7596507,7602203,+
WBGene00000084,I,7602307,7608245,+
WBGene00003071,I,7614176,7634135,+
WBGene00009254,I,7634494,7639780,-
WBGene00009140,I,7640338,7641767,-
WBGene00009141,I,7642270,7643328,-
WBGene00004508,I,7643431,7649777,-
WBGene00001214,I,7650418,7656336,-
WBGene00009142,I,7656978,7658291,-
WBGene00009143,I,7667729,7669900,+
WBGene00009144,I,7670314,7672714,-
WBGene00009145,I,7674734,7676127,-
WBGene00011975,I,7676668,7679061,+
WBGene00011972,I,7679454,7683041,+
WBGene00011970,I,7683341,7694210,+
WBGene00011971,I,7684882,7689403,-
WBGene00011969,I,7694325,7695233,+
WBGene00001595,I,7695661,7698227,+
WBGene00011973,I,7698301,7699037,+
WBGene00001647,I,7699543,7700958,+
WBGene00077728,I,7701121,7701389,+
WBGene00011968,I,7701365,7702053,-
WBGene00009187,I,7702429,7704584,+
WBGene00009188,I,7704565,7707049,-
WBGene00009191,I,7723754,7724656,-
WBGene00009189,I,7725019,7727112,+
WBGene00006518,I,7727267,7729092,+
WBGene00077543,I,7729184,7729878,+
WBGene00009190,I,7731121,7737995,+
WBGene00010291,I,7755778,7756353,+
WBGene00003818,I,7766532,7772231,-
WBGene00000079,I,7773180,7777652,+
WBGene00012151,I,7781178,7782548,-
WBGene00008397,I,7784498,7785624,-
WBGene00008401,I,7786205,7793539,-
WBGene00003746,I,7800458,7801822,-
WBGene00008398,I,7813761,7815042,-
WBGene00008399,I,7814972,7819410,+
WBGene00086551,I,7819579,7820489,+
WBGene00008400,I,7820831,7826433,+
WBGene00009271,I,7826442,7831629,-
WBGene00009270,I,7832692,7835453,-
WBGene00009272,I,7835814,7836967,+
WBGene00009276,I,7837063,7840022,+
WBGene00009277,I,7840442,7846923,+
WBGene00009274,I,7847246,7848920,-
WBGene00006386,I,7848975,7853631,+
WBGene00000163,I,7853750,7857850,+
WBGene00011230,I,7857823,7859417,-
WBGene00011231,I,7862736,7863553,-
WBGene00011232,I,7866136,7872080,+
WBGene00011234,I,7867577,7867918,-
WBGene00011235,I,7872057,7875554,-
WBGene00010110,I,7884319,7885769,+
WBGene00010111,I,7889310,7894864,+
WBGene00006790,I,7899037,7903334,-
WBGene00010114,I,7901932,7903243,+
WBGene00010113,I,7906826,7914269,-
WBGene00008991,I,7913937,7918341,-
WBGene00008990,I,7918443,7926338,-
WBGene00003777,I,7926623,7934577,-
WBGene00011912,I,7936223,7938328,+
WBGene00011913,I,7937672,7938486,-
WBGene00011914,I,7938560,7940388,+
WBGene00011915,I,7940134,7940790,-
WBGene00011916,I,7940893,7941994,+
WBGene00011917,I,7942719,7945588,+
WBGene00002179,I,7946186,7951593,-
WBGene00011918,I,7955977,7958505,-
WBGene00011919,I,7958647,7960158,+
WBGene00011921,I,7960388,7961460,-
WBGene00004318,I,7962052,7972443,+
WBGene00011920,I,7966914,7968689,-
WBGene00010366,I,7972473,7977078,-
WBGene00271605,I,7980237,7984713,+
WBGene00010367,I,7984889,7993159,+
WBGene00008315,I,7995738,7996669,+
WBGene00008314,I,7996728,8003179,-
WBGene00008313,I,8005127,8006448,-
WBGene00008312,I,8006650,8009118,+
WBGene00008311,I,8014412,8019572,+
WBGene00008317,I,8019501,8022730,+
WBGene00008316,I,8019578,8020901,-
WBGene00000869,I,8022674,8024422,-
WBGene00008318,I,8024880,8026525,-
WBGene00010560,I,8026606,8028752,-
WBGene00045192,I,8030959,8032886,+
WBGene00010562,I,8032863,8035696,-
WBGene00010563,I,8035798,8037141,+
WBGene00010564,I,8036944,8039752,-
WBGene00010569,I,8039879,8040526,-
WBGene00010565,I,8040799,8043277,+
WBGene00077768,I,8043760,8044165,+
WBGene00010566,I,8047345,8049351,-
WBGene00000156,I,8050043,8055489,+
WBGene00010567,I,8055459,8057029,-
WBGene00010568,I,8057762,8060557,+
WBGene00008935,I,8060791,8061793,-
WBGene00000485,I,8062059,8081671,-
WBGene00004378,I,8083583,8095574,+
WBGene00008934,I,8095740,8098444,+
WBGene00005009,I,8103601,8109227,+
WBGene00002999,I,8109746,8119314,-
WBGene00003136,I,8125801,8130091,+
WBGene00012113,I,8133891,8135051,+
WBGene00012116,I,8139468,8142537,-
WBGene00002101,I,8147400,8149723,+
WBGene00044122,I,8150331,8151368,+
WBGene00012114,I,8151985,8159732,+
WBGene00012115,I,8160512,8168643,+
WBGene00023413,I,8172721,8173489,+
WBGene00008570,I,8174888,8208740,+
WBGene00023411,I,8181337,8182933,-
WBGene00011379,I,8208712,8210703,-
WBGene00011378,I,8210931,8212411,+
WBGene00000967,I,8212362,8218361,-
WBGene00011376,I,8214382,8217998,+
WBGene00011375,I,8219998,8223009,-
WBGene00004966,I,8224539,8226297,-
WBGene00013955,I,8226509,8240637,-
WBGene00011380,I,8235747,8237498,+
WBGene00013956,I,8242104,8243572,+
WBGene00000639,I,8243695,8244963,-
WBGene00000433,I,8245722,8250896,-
WBGene00044094,I,8253452,8254961,-
WBGene00013958,I,8255348,8256312,+
WBGene00013957,I,8256360,8258939,-
WBGene00013959,I,8262039,8268990,+
WBGene00013960,I,8270304,8275701,+
WBGene00011344,I,8275611,8288124,-
WBGene00011345,I,8281969,8284460,+
WBGene00002196,I,8288959,8291077,-
WBGene00003788,I,8291289,8293640,-
WBGene00003183,I,8294881,8296940,+
WBGene00009920,I,8296917,8307566,-
WBGene00009923,I,8313228,8315432,-
WBGene00009921,I,8315898,8318250,-
WBGene00009922,I,8318347,8323987,-
WBGene00000467,I,8324120,8328853,+
WBGene00004439,I,8329062,8329684,-
WBGene00007911,I,8330552,8332783,+
WBGene00007914,I,8333082,8336144,+
WBGene00007912,I,8336966,8341826,+
WBGene00007913,I,8341709,8346023,-
WBGene00006531,I,8353410,8357828,+
WBGene00004684,I,8358254,8363858,-
WBGene00008887,I,8363954,8369917,-
WBGene00008889,I,8375490,8377565,+
WBGene00011827,I,8377601,8392768,-
WBGene00008890,I,8384931,8387039,+
WBGene00003596,I,8394728,8398626,+
WBGene00011828,I,8398918,8400472,+
WBGene00011829,I,8401389,8403939,+
WBGene00008529,I,8404547,8405955,-
WBGene00008528,I,8406828,8407645,+
WBGene00003014,I,8407802,8410804,-
WBGene00008531,I,8413253,8416195,+
WBGene00004117,I,8416831,8425042,+
WBGene00004931,I,8417124,8435811,+
WBGene00008530,I,8424993,8426093,-
WBGene00008533,I,8427089,8429832,-
WBGene00008532,I,8429931,8435864,-
WBGene00008648,I,8435958,8438638,-
WBGene00008649,I,8439756,8440470,-
WBGene00008650,I,8441543,8442452,-
WBGene00008651,I,8442695,8444934,-
WBGene00008652,I,8445351,8451023,-
WBGene00006844,I,8460225,8463015,+
WBGene00008381,I,8463356,8469309,-
WBGene00045508,I,8469922,8471852,-
WBGene00050879,I,8472556,8473481,-
WBGene00086554,I,8474061,8474767,-
WBGene00008382,I,8474886,8476282,-
WBGene00008383,I,8481152,8482538,+
WBGene00008384,I,8482759,8485694,-
WBGene00008387,I,8485876,8487043,-
WBGene00008385,I,8487618,8490938,+
WBGene00008386,I,8491291,8495855,+
WBGene00000431,I,8498114,8502412,-
WBGene00010496,I,8509041,8511412,-
WBGene00010495,I,8511600,8512505,-
WBGene00010497,I,8513919,8517535,+
WBGene00010498,I,8517481,8526621,-
WBGene00010499,I,8518902,8519510,+
WBGene00044679,I,8520901,8521915,+
WBGene00010500,I,8526758,8529271,-
WBGene00006976,I,8529380,8531338,-
WBGene00001677,I,8531760,8534527,-
WBGene00010855,I,8540025,8544415,-
WBGene00010854,I,8546063,8546725,-
WBGene00001651,I,8549513,8570998,-
WBGene00011353,I,8571557,8573749,-
WBGene00011352,I,8573855,8580157,-
WBGene00000904,I,8584081,8587505,-
WBGene00004305,I,8591215,8591978,+
WBGene00011033,I,8592092,8592926,+
WBGene00011037,I,8593027,8596225,+
WBGene00011034,I,8596333,8598552,+
WBGene00011032,I,8598658,8600923,+
WBGene00011035,I,8601339,8602034,+
WBGene00011036,I,8602125,8605165,+
WBGene00009673,I,8605263,8606584,+
WBGene00009664,I,8606404,8608631,-
WBGene00009665,I,8609925,8611066,+
WBGene00009667,I,8610894,8612602,-
WBGene00009666,I,8612728,8615175,-
WBGene00009668,I,8615388,8616420,+
WBGene00219282,I,8616405,8616814,-
WBGene00009670,I,8617400,8618889,+
WBGene00001414,I,8623017,8631184,-
WBGene00000468,I,8633925,8636044,+
WBGene00000777,I,8636123,8637971,-
WBGene00009671,I,8638514,8640236,-
WBGene00009672,I,8640508,8644399,+
WBGene00012150,I,8644460,8646304,+
WBGene00000890,I,8646451,8651777,+
WBGene00009562,I,8658874,8659967,+
WBGene00045237,I,8660820,8663127,+
WBGene00006377,I,8663048,8664143,-
WBGene00009563,I,8664925,8666499,+
WBGene00010620,I,8666595,8669792,+
WBGene00086557,I,8669861,8673618,-
WBGene00010621,I,8676666,8681325,-
WBGene00001990,I,8683220,8687217,-
WBGene00010622,I,8687634,8690937,-
WBGene00010624,I,8691039,8692622,-
WBGene00000209,I,8692946,8693468,+
WBGene00010623,I,8693451,8695159,-
WBGene00003953,I,8695205,8696376,-
WBGene00009565,I,8696603,8697596,+
WBGene00006577,I,8697923,8701971,-
WBGene00000409,I,8702478,8705825,+
WBGene00000527,I,8705670,8724279,-
WBGene00003925,I,8727214,8728497,-
WBGene00007971,I,8728687,8730054,+
WBGene00044614,I,8730156,8730922,+
WBGene00044120,I,8730905,8732125,-
WBGene00007973,I,8732219,8733436,+
WBGene00007972,I,8733413,8735717,-
WBGene00007974,I,8736213,8737038,+
WBGene00007975,I,8737072,8742548,+
WBGene00007976,I,8743849,8746925,-
WBGene00007977,I,8749616,8751397,-
WBGene00007979,I,8752236,8755678,+
WBGene00007978,I,8755846,8757603,-
WBGene00008440,I,8758156,8759032,-
WBGene00006574,I,8759204,8759788,-
WBGene00003052,I,8762986,8765633,+
WBGene00001960,I,8767019,8768042,-
WBGene00006618,I,8768325,8771248,+
WBGene00004115,I,8771275,8777514,-
WBGene00008439,I,8779731,8785415,-
WBGene00006324,I,8792965,8797293,+
WBGene00009453,I,8798785,8801694,+
WBGene00009452,I,8801612,8804697,-
WBGene00009451,I,8804799,8808081,-
WBGene00009455,I,8808775,8813298,+
WBGene00006682,I,8808992,8811712,-
WBGene00009454,I,8813761,8814979,+
WBGene00004484,I,8815554,8816193,-
WBGene00009456,I,8816978,8821359,+
WBGene00009457,I,8819499,8820139,-
WBGene00009458,I,8822188,8823637,+
WBGene00023490,I,8824401,8825628,-
WBGene00009459,I,8826167,8826670,-
WBGene00009460,I,8828048,8838719,-
WBGene00009250,I,8840634,8841163,+
WBGene00009251,I,8841770,8842323,+
WBGene00009252,I,8842552,8845595,-
WBGene00002035,I,8845809,8851116,-
WBGene00010137,I,8853686,8861274,-
WBGene00219283,I,8863996,8865475,-
WBGene00010133,I,8866907,8868293,+
WBGene00010136,I,8869709,8871698,+
WBGene00004901,I,8871791,8875253,+
WBGene00010134,I,8876319,8893051,+
WBGene00010135,I,8893308,8894137,-
WBGene00006765,I,8897613,8901435,-
WBGene00011631,I,8902747,8905534,-
WBGene00011629,I,8905644,8916805,-
WBGene00044684,I,8919329,8920516,-
WBGene00011630,I,8921190,8925327,+
WBGene00006641,I,8928748,8931089,+
WBGene00009958,I,8931035,8942287,-
WBGene00009964,I,8945533,8946205,-
WBGene00009963,I,8946686,8947201,-
WBGene00009959,I,8947304,8948711,-
WBGene00009962,I,8948778,8954394,+
WBGene00219450,I,8949567,8951670,-
WBGene00009960,I,8950448,8951053,+
WBGene00009961,I,8954559,8957482,-
WBGene00043049,I,8958061,8960889,-
WBGene00001568,I,8962322,8966129,+
WBGene00007026,I,8966130,8967004,+
WBGene00004953,I,8966985,8970158,-
WBGene00009346,I,8970293,8971031,+
WBGene00009341,I,8971139,8973063,+
WBGene00050880,I,8973066,8974575,-
WBGene00009342,I,8975384,8986534,-
WBGene00009345,I,8989938,8993461,+
WBGene00006532,I,8994002,8998593,+
WBGene00009344,I,8995572,8997290,-
WBGene00009343,I,8998532,8999564,-
WBGene00009480,I,9000097,9001721,-
WBGene00009478,I,9001913,9003963,-
WBGene00009479,I,9004513,9008708,-
WBGene00009477,I,9009260,9013885,-
WBGene00009481,I,9015357,9015711,-
WBGene00009476,I,9016755,9017994,+
WBGene00009475,I,9018623,9020304,+
WBGene00006525,I,9020945,9025553,+
WBGene00007854,I,9025779,9031232,+
WBGene00000058,I,9031274,9036695,-
WBGene00007858,I,9041374,9041988,+
WBGene00007855,I,9042270,9042599,-
WBGene00007857,I,9043315,9046889,-
WBGene00007856,I,9048188,9049427,-
WBGene00001843,I,9049460,9055457,-
WBGene00012296,I,9056293,9057822,+
WBGene00012297,I,9058852,9060473,+
WBGene00012298,I,9060493,9063160,-
WBGene00006503,I,9063588,9064403,-
WBGene00004298,I,9065087,9070264,+
WBGene00011531,I,9070247,9075077,-
WBGene00011532,I,9077565,9080024,-
WBGene00077558,I,9085351,9085848,-
WBGene00003182,I,9095957,9100862,+
WBGene00001574,I,9100846,9107939,-
WBGene00012376,I,9108173,9110918,-
WBGene00014115,I,9118115,9122398,+
WBGene00014116,I,9123182,9124509,-
WBGene00014121,I,9124664,9126155,+
WBGene00014117,I,9126140,9127101,-
WBGene00003209,I,9132538,9135753,+
WBGene00014118,I,9135764,9138361,-
WBGene00014119,I,9138267,9145632,-
WBGene00014120,I,9141971,9144376,-
WBGene00010421,I,9149474,9153252,+
WBGene00010422,I,9154228,9154789,-
WBGene00009129,I,9155513,9157411,+
WBGene00077773,I,9158799,9159055,+
WBGene00009128,I,9159015,9159757,-
WBGene00009127,I,9159938,9163261,-
WBGene00001167,I,9163531,9166952,+
WBGene00009126,I,9168432,9177488,+
WBGene00009130,I,9177664,9178703,-
WBGene00009125,I,9179941,9181119,-
WBGene00006407,I,9181819,9220766,-
WBGene00008107,I,9221834,9226390,-
WBGene00001590,I,9226905,9228184,+
WBGene00044008,I,9228163,9232097,+
WBGene00000147,I,9232071,9233560,-
WBGene00009498,I,9234174,9245924,-
WBGene00009499,I,9246028,9249383,-
WBGene00044247,I,9249542,9250488,-
WBGene00194653,I,9250659,9251828,+
WBGene00009500,I,9251838,9261657,-
WBGene00008779,I,9265951,9270919,-
WBGene00008780,I,9271443,9278689,-
WBGene00008781,I,9280963,9286577,-
WBGene00009173,I,9287437,9289770,+
WBGene00009174,I,9289753,9294035,-
WBGene00009176,I,9305751,9306844,-
WBGene00004268,I,9308442,9310221,+
WBGene00006732,I,9310329,9312641,+
WBGene00009177,I,9312635,9314488,-
WBGene00009178,I,9317736,9327279,+
WBGene00002026,I,9320325,9322534,-
WBGene00007533,I,9327857,9330928,+
WBGene00003026,I,9334812,9342496,-
WBGene00010857,I,9344724,9349558,-
WBGene00010856,I,9350274,9352700,-
WBGene00010858,I,9352882,9354541,-
WBGene00010859,I,9355072,9357079,-
WBGene00001121,I,9359075,9364180,+
WBGene00008878,I,9364099,9389982,-
WBGene00008877,I,9390829,9393095,-
WBGene00008876,I,9393948,9404024,-
WBGene00007641,I,9408356,9410094,-
WBGene00219310,I,9410614,9411379,+
WBGene00007642,I,9412314,9413222,+
WBGene00219313,I,9414456,9416703,+
WBGene00007643,I,9416704,9418884,-
WBGene00007644,I,9419368,9419998,+
WBGene00044236,I,9419973,9420813,-
WBGene00003904,I,9420907,9421992,-
WBGene00007645,I,9422556,9431120,+
WBGene00007646,I,9431098,9433828,+
WBGene00007647,I,9435377,9441029,+
WBGene00003172,I,9441010,9450731,-
WBGene00009754,I,9457456,9458842,+
WBGene00009755,I,9459287,9460550,+
WBGene00006681,I,9463760,9468917,+
WBGene00004808,I,9469704,9470633,+
WBGene00004807,I,9471341,9472642,+
WBGene00009260,I,9472642,9474794,-
WBGene00045473,I,9476597,9477181,+
WBGene00009268,I,9477478,9478098,+
WBGene00044680,I,9478470,9479091,-
WBGene00009261,I,9479101,9480774,-
WBGene00009269,I,9481629,9482275,+
WBGene00195244,I,9482785,9483517,+
WBGene00009263,I,9483810,9486540,+
WBGene00006061,I,9486642,9488229,-
WBGene00009264,I,9488488,9492620,+
WBGene00009262,I,9492615,9494589,-
WBGene00006062,I,9501268,9505173,+
WBGene00009266,I,9504515,9505768,-
WBGene00009267,I,9506553,9511184,+
WBGene00004887,I,9511181,9512236,-
WBGene00002226,I,9512428,9514755,+
WBGene00077771,I,9515002,9516776,-
WBGene00008061,I,9517026,9518736,-
WBGene00008062,I,9519244,9521275,+
WBGene00000096,I,9522578,9531130,+
WBGene00008063,I,9526540,9527441,-
WBGene00077525,I,9530816,9532831,-
WBGene00008064,I,9533580,9536271,-
WBGene00219284,I,9533802,9534310,+
WBGene00007984,I,9536465,9540966,-
WBGene00007985,I,9544733,9558096,+
WBGene00004372,I,9565394,9574377,-
WBGene00007986,I,9574762,9576141,-
WBGene00009646,I,9576357,9577907,+
WBGene00002276,I,9578526,9581267,-
WBGene00044987,I,9581786,9582583,-
WBGene00010608,I,9582682,9583533,-
WBGene00010617,I,9583869,9584817,-
WBGene00010609,I,9585317,9587206,+
WBGene00010610,I,9587169,9588132,-
WBGene00010611,I,9588710,9589931,-
WBGene00010612,I,9590506,9591821,+
WBGene00010613,I,9591939,9593103,-
WBGene00010614,I,9595276,9598363,-
WBGene00219285,I,9600445,9601015,-
WBGene00000177,I,9605896,9609025,+
WBGene00010619,I,9608926,9609705,-
WBGene00002070,I,9609501,9611620,-
WBGene00010615,I,9611815,9615082,-
WBGene00010616,I,9615195,9616474,-
WBGene00004312,I,9616508,9618107,-
WBGene00003036,I,9618207,9619760,-
WBGene00011488,I,9620233,9622370,+
WBGene00004488,I,9621160,9625796,-
WBGene00011489,I,9622522,9624724,+
WBGene00002027,I,9626241,9630848,+
WBGene00011490,I,9631388,9632402,+
WBGene00011491,I,9633183,9635945,-
WBGene00011492,I,9638886,9641736,-
WBGene00011493,I,9642344,9643804,+
WBGene00194656,I,9644416,9644728,-
WBGene00011494,I,9645699,9647676,+
WBGene00000968,I,9647603,9649238,-
WBGene00011497,I,9650499,9652946,+
WBGene00011495,I,9653021,9657040,+
WBGene00007278,I,9657012,9657871,-
WBGene00007277,I,9658274,9660080,+
WBGene00219796,I,9658731,9659037,-
WBGene00003800,I,9660174,9664915,-
WBGene00000466,I,9665194,9668664,+
WBGene00007275,I,9668628,9670726,-
WBGene00004437,I,9669415,9670098,+
WBGene00007297,I,9673668,9678553,-
WBGene00002069,I,9685398,9688653,+
WBGene00004426,I,9689185,9690084,+
WBGene00007299,I,9690079,9690557,-
WBGene00077685,I,9694596,9695172,-
WBGene00007301,I,9695707,9696762,-
WBGene00007302,I,9697237,9699561,-
WBGene00219286,I,9704870,9705420,+
WBGene00007303,I,9710093,9710767,-
WBGene00001405,I,9711064,9712719,-
WBGene00007621,I,9712825,9715230,-
WBGene00007620,I,9715321,9728108,-
WBGene00001145,I,9722550,9726282,+
WBGene00000430,I,9727169,9728034,+
WBGene00001582,I,9737823,9744190,+
WBGene00010487,I,9744242,9745990,+
WBGene00010488,I,9745967,9747923,-
WBGene00044607,I,9748517,9749953,-
WBGene00006352,I,9754122,9757898,+
WBGene00009157,I,9757854,9760787,-
WBGene00009158,I,9762403,9767873,-
WBGene00009160,I,9768836,9771068,-
WBGene00009159,I,9771061,9772565,-
WBGene00009161,I,9773172,9774012,+
WBGene00009162,I,9774165,9779541,+
WBGene00009165,I,9780287,9781418,+
WBGene00009163,I,9781338,9785722,-
WBGene00006528,I,9785778,9787624,-
WBGene00000371,I,9788749,9790050,+
WBGene00009164,I,9793756,9796675,+
WBGene00003569,I,9808904,9813075,+
WBGene00009408,I,9813034,9823448,-
WBGene00013449,I,9829827,9830599,-
WBGene00003652,I,9839598,9844809,+
WBGene00006978,I,9847406,9850082,+
WBGene00010730,I,9850020,9851791,-
WBGene00010731,I,9853658,9863492,+
WBGene00010732,I,9863588,9869055,+
WBGene00003639,I,9869632,9874676,+
WBGene00002142,I,9874698,9879119,+
WBGene00003659,I,9879183,9881504,-
WBGene00003524,I,9886200,9888154,+
WBGene00003842,I,9888356,9892223,-
WBGene00000640,I,9893698,9895596,-
WBGene00003396,I,9895693,9900817,-
WBGene00009937,I,9901255,9902929,+
WBGene00009939,I,9902943,9910545,-
WBGene00009938,I,9921211,9921961,-
WBGene00009941,I,9923610,9924280,+
WBGene00009942,I,9925978,9929032,+
WBGene00009940,I,9928946,9930885,+
WBGene00013696,I,9930972,9931882,+
WBGene00013695,I,9931870,9934290,-
WBGene00013697,I,9934639,9936022,-
WBGene00013694,I,9936125,9938378,-
WBGene00005023,I,9947805,9953387,+
WBGene00011985,I,9953409,9955873,-
WBGene00011988,I,9956150,9958357,-
WBGene00011986,I,9958782,9960155,-
WBGene00007043,I,9960370,9961973,-
WBGene00003397,I,9965580,9970037,+
WBGene00006633,I,9970037,9973177,-
WBGene00011944,I,9973377,9976315,-
WBGene00001226,I,9976393,9979662,-
WBGene00006379,I,9980064,9984848,-
WBGene00001941,I,9988341,9988826,-
WBGene00001942,I,9989061,9989617,+
WBGene00011945,I,9989802,9993975,+
WBGene00000476,I,9994731,9999928,-
WBGene00007274,I,10014547,10015495,+
WBGene00001483,I,10016778,10018114,+
WBGene00008661,I,10019643,10021069,+
WBGene00008662,I,10021702,10022872,-
WBGene00008663,I,10023810,10025831,+
WBGene00003803,I,10026188,10030058,+
WBGene00008665,I,10030174,10046760,+
WBGene00003564,I,10033461,10034816,-
WBGene00008664,I,10046442,10048028,+
WBGene00008667,I,10048087,10050770,+
WBGene00008666,I,10050691,10062026,-
WBGene00007156,I,10070923,10071900,-
WBGene00007159,I,10072578,10074399,-
WBGene00007155,I,10074952,10077749,+
WBGene00003508,I,10080159,10085777,+
WBGene00007054,I,10085713,10102012,-
WBGene00007158,I,10097317,10097777,+
WBGene00013698,I,10107393,10109000,-
WBGene00013699,I,10110982,10111916,+
WBGene00013700,I,10112088,10114256,-
WBGene00013701,I,10114759,10116583,+
WBGene00013704,I,10117061,10118134,+
WBGene00013702,I,10118081,10119436,-
WBGene00014965,I,10119209,10122171,-
WBGene00013703,I,10122459,10130215,+
WBGene00008885,I,10147325,10149888,+
WBGene00008886,I,10150280,10155131,-
WBGene00023415,I,10155161,10158558,+
WBGene00044243,I,10158951,10160034,+
WBGene00006447,I,10159982,10161883,-
WBGene00007705,I,10162379,10163578,+
WBGene00001442,I,10163475,10165135,-
WBGene00007706,I,10169639,10172645,-
WBGene00007707,I,10177181,10178921,+
WBGene00077526,I,10179004,10179744,+
WBGene00007708,I,10179042,10179236,+
WBGene00002153,I,10179832,10184075,+
WBGene00007709,I,10184478,10185470,-
WBGene00007710,I,10185780,10187550,+
WBGene00000931,I,10187515,10190896,-
WBGene00007711,I,10191273,10192894,-
WBGene00007712,I,10193242,10193999,+
WBGene00000095,I,10193925,10197000,-
WBGene00007713,I,10197321,10197596,+
WBGene00013705,I,10198286,10200440,-
WBGene00219498,I,10203437,10203743,+
WBGene00013708,I,10221635,10222778,-
WBGene00000426,I,10222881,10227009,-
WBGene00013709,I,10227210,10231214,-
WBGene00003000,I,10248256,10255327,+
WBGene00013860,I,10255632,10262250,-
WBGene00013859,I,10264314,10279234,-
WBGene00007047,I,10291870,10297927,-
WBGene00011864,I,10298140,10300598,+
WBGene00011866,I,10300573,10302945,-
WBGene00013715,I,10319669,10321493,-
WBGene00013713,I,10321711,10323398,-
WBGene00013712,I,10323511,10324145,+
WBGene00013711,I,10323792,10327870,-
WBGene00013710,I,10328984,10330370,+
WBGene00004476,I,10330879,10331808,+
WBGene00013892,I,10331945,10333082,-
WBGene00220261,I,10333471,10334590,-
WBGene00013891,I,10334661,10335739,-
WBGene00001337,I,10336395,10341178,+
WBGene00000148,I,10340997,10345648,+
WBGene00013893,I,10345736,10348061,+
WBGene00013894,I,10348055,10349379,-
WBGene00013895,I,10356251,10360890,+
WBGene00009743,I,10366621,10371699,+
WBGene00003587,I,10373368,10373862,-
WBGene00009744,I,10374809,10379631,+
WBGene00009745,I,10381082,10382040,+
WBGene00077521,I,10382746,10384222,-
WBGene00003233,I,10384219,10391388,-
WBGene00000843,I,10398944,10400195,-
WBGene00009112,I,10401065,10402774,+
WBGene00003847,I,10409302,10414707,+
WBGene00009113,I,10418234,10421858,-
WBGene00009114,I,10422958,10429026,-
WBGene00013716,I,10429629,10432336,+
WBGene00003902,I,10432815,10435882,-
WBGene00004444,I,10436254,10436884,+
WBGene00013717,I,10436895,10437708,-
WBGene00013718,I,10438075,10443563,-
WBGene00013719,I,10443668,10446133,-
WBGene00004753,I,10446661,10452071,+
WBGene00013720,I,10452178,10452895,+
WBGene00013721,I,10454414,10455632,-
WBGene00001112,I,10464328,10471056,-
WBGene00013723,I,10471185,10471960,+
WBGene00013724,I,10472196,10473389,-
WBGene00013725,I,10473513,10474449,-
WBGene00013726,I,10474835,10475525,+
WBGene00009508,I,10475522,10478129,-
WBGene00009507,I,10479283,10484969,-
WBGene00009509,I,10486714,10487322,+
WBGene00009510,I,10488648,10489569,+
WBGene00006445,I,10501585,10505949,+
WBGene00000492,I,10507000,10515506,-
WBGene00010327,I,10508966,10513396,+
WBGene00077764,I,10514170,10514418,+
WBGene00206464,I,10516036,10516432,-
WBGene00003742,I,10517324,10518055,-
WBGene00010325,I,10518379,10519263,+
WBGene00010326,I,10519360,10520761,+
WBGene00044251,I,10520863,10521986,+
WBGene00010323,I,10522091,10523996,+
WBGene00010324,I,10524424,10525509,+
WBGene00044792,I,10526533,10530095,+
WBGene00010328,I,10532667,10534484,+
WBGene00006578,I,10536115,10538086,-
WBGene00009116,I,10543024,10546435,+
WBGene00009117,I,10547721,10549876,+
WBGene00009118,I,10551972,10553035,+
WBGene00009119,I,10553116,10553913,-
WBGene00009120,I,10554366,10557838,+
WBGene00009121,I,10558323,10560006,+
WBGene00006720,I,10562968,10564914,+
WBGene00003926,I,10566350,10567300,+
WBGene00004408,I,10567894,10569019,+
WBGene00009122,I,10569112,10570030,+
WBGene00009123,I,10570079,10571916,+
WBGene00009124,I,10571954,10577135,+
WBGene00009243,I,10579413,10580890,+
WBGene00011906,I,10581538,10582609,-
WBGene00003083,I,10588177,10590464,+
WBGene00044070,I,10590678,10593972,+
WBGene00206474,I,10594474,10595487,+
WBGene00011909,I,10595545,10598490,+
WBGene00011908,I,10598673,10606620,+
WBGene00002248,I,10608466,10621433,+
WBGene00016622,I,10622952,10624361,+
WBGene00016621,I,10624464,10625387,+
WBGene00015232,I,10625388,10628387,+
WBGene00015231,I,10628712,10631674,+
WBGene00015233,I,10631665,10633150,-
WBGene00255714,I,10633279,10634078,-
WBGene00015238,I,10634572,10636028,-
WBGene00044321,I,10636692,10638977,-
WBGene00015235,I,10639079,10640230,-
WBGene00001228,I,10640465,10642281,-
WBGene00219234,I,10643029,10643724,+
WBGene00015230,I,10644245,10645617,+
WBGene00015229,I,10646762,10647777,+
WBGene00015236,I,10648606,10654179,-
WBGene00015228,I,10651030,10653043,+
WBGene00015237,I,10654298,10666933,-
WBGene00001432,I,10667808,10671301,+
WBGene00016389,I,10671460,10672589,-
WBGene00016388,I,10672737,10674864,+
WBGene00016390,I,10675167,10676811,-
WBGene00016391,I,10676922,10682374,-
WBGene00016395,I,10682472,10683155,-
WBGene00016392,I,10683270,10685664,-
WBGene00016393,I,10685825,10687058,-
WBGene00016387,I,10687363,10688068,+
WBGene00016386,I,10688332,10690790,+
WBGene00016396,I,10691345,10696783,+
WBGene00016394,I,10699562,10703801,-
WBGene00015024,I,10708363,10710376,+
WBGene00015017,I,10713505,10718201,-
WBGene00015023,I,10720813,10723496,+
WBGene00015018,I,10724161,10726136,-
WBGene00044646,I,10726903,10727364,+
WBGene00044644,I,10727755,10728808,-
WBGene00015022,I,10728959,10730287,-
WBGene00044413,I,10730467,10730743,+
WBGene00004466,I,10730712,10732448,-
WBGene00015025,I,10732543,10733686,-
WBGene00002191,I,10734022,10736615,+
WBGene00015021,I,10736697,10739911,+
WBGene00015020,I,10740218,10740590,+
WBGene00015019,I,10741368,10744445,-
WBGene00000912,I,10750343,10776700,+
WBGene00018850,I,10781442,10782890,-
WBGene00018851,I,10784187,10784884,-
WBGene00018849,I,10789130,10793152,+
WBGene00018848,I,10793161,10798059,+
WBGene00018847,I,10799623,10806901,+
WBGene00016461,I,10806922,10808238,+
WBGene00016460,I,10808590,10810497,+
WBGene00016462,I,10810648,10812923,-
WBGene00016459,I,10813815,10814904,+
WBGene00016458,I,10817352,10819963,+
WBGene00016457,I,10823363,10828454,+
WBGene00016456,I,10831881,10834812,+
WBGene00016455,I,10836985,10838877,+
WBGene00016454,I,10841114,10844647,+
WBGene00016463,I,10844772,10845922,+
WBGene00016453,I,10846777,10850103,+
WBGene00021384,I,10850433,10851233,-
WBGene00021385,I,10855509,10855799,-
WBGene00021383,I,10855935,10857620,+
WBGene00021382,I,10859534,10860769,+
WBGene00021386,I,10861215,10863453,-
WBGene00021388,I,10863880,10866495,-
WBGene00044289,I,10867554,10868530,-
WBGene00021387,I,10870023,10875046,-
WBGene00020859,I,10876209,10877695,+
WBGene00020860,I,10878047,10878378,-
WBGene00269435,I,10879138,10879572,+
WBGene00003068,I,10879769,10894239,-
WBGene00020858,I,10881553,10892189,+
WBGene00077519,I,10883557,10884193,+
WBGene00020857,I,10899110,10902024,+
WBGene00020856,I,10904370,10906527,+
WBGene00018630,I,10906812,10912203,-
WBGene00018628,I,10912913,10915796,+
WBGene00018627,I,10917064,10919095,+
WBGene00194698,I,10919377,10919777,-
WBGene00018626,I,10921416,10923484,+
WBGene00018631,I,10923574,10923944,-
WBGene00000780,I,10924240,10925753,-
WBGene00045433,I,10926883,10933705,-
WBGene00018632,I,10933810,10935712,-
WBGene00235254,I,10936329,10936705,-
WBGene00018625,I,10936819,10940521,+
WBGene00045434,I,10940685,10943922,+
WBGene00013605,I,10944210,10945690,+
WBGene00013121,I,10964473,10966348,-
WBGene00013122,I,10966394,10970166,-
WBGene00013123,I,10970493,10980111,+
WBGene00013124,I,10979607,11004283,-
WBGene00219422,I,11011435,11014274,-
WBGene00077539,I,11012959,11014739,+
WBGene00013125,I,11015486,11017497,+
WBGene00013126,I,11018571,11025653,-
WBGene00013127,I,11032339,11034055,+
WBGene00013128,I,11034057,11038857,-
WBGene00013129,I,11039056,11052494,+
WBGene00206497,I,11058524,11061435,+
WBGene00206530,I,11063360,11065373,+
WBGene00014914,I,11067699,11069996,-
WBGene00001980,I,11075758,11134667,-
WBGene00013130,I,11123740,11124094,+
WBGene00013929,I,11142113,11144090,+
WBGene00044266,I,11144652,11145696,+
WBGene00013928,I,11146448,11148309,+
WBGene00013927,I,11148973,11150295,+
WBGene00013930,I,11151241,11151972,+
WBGene00013931,I,11152704,11154329,+
WBGene00013932,I,11154213,11155369,-
WBGene00013933,I,11156745,11158831,-
WBGene00050881,I,11160034,11162602,+
WBGene00013131,I,11163811,11168736,-
WBGene00009220,I,11168607,11177726,-
WBGene00004706,I,11177805,11182115,-
WBGene00005517,I,11182817,11186137,+
WBGene00012317,I,11206922,11211842,+
WBGene00002119,I,11212426,11215091,-
WBGene00206528,I,11213762,11214696,+
WBGene00013177,I,11216118,11221995,-
WBGene00013178,I,11222326,11224400,+
WBGene00043056,I,11224836,11233334,+
WBGene00013179,I,11234302,11235176,-
WBGene00009751,I,11235882,11236707,-
WBGene00009750,I,11238117,11238227,-
WBGene00009748,I,11239684,11240473,-
WBGene00009747,I,11241225,11241970,-
WBGene00009746,I,11242732,11243526,-
WBGene00009749,I,11243836,11245003,-
WBGene00014761,I,11248270,11249952,+
WBGene00009753,I,11253256,11256022,+
WBGene00009467,I,11256550,11259225,-
WBGene00086556,I,11261227,11261977,-
WBGene00009466,I,11263066,11263661,+
WBGene00195230,I,11264685,11264987,-
WBGene00195231,I,11265105,11265427,+
WBGene00009464,I,11266070,11266474,+
WBGene00044246,I,11268030,11268409,+
WBGene00195232,I,11268619,11268958,+
WBGene00009465,I,11269946,11271226,-
WBGene00009463,I,11271708,11272346,+
WBGene00219287,I,11272480,11273477,+
WBGene00009468,I,11274899,11276346,-
WBGene00009461,I,11276451,11280018,-
WBGene00009462,I,11282473,11286290,-
WBGene00005710,I,11289044,11291868,+
WBGene00013181,I,11292662,11294197,-
WBGene00013180,I,11294593,11297206,-
WBGene00013182,I,11300743,11301662,+
WBGene00013184,I,11302286,11305218,+
WBGene00219319,I,11305882,11307450,-
WBGene00010417,I,11308121,11311053,-
WBGene00010416,I,11311516,11323110,-
WBGene00000410,I,11323527,11333152,+
WBGene00014807,I,11334223,11337431,+
WBGene00077770,I,11339787,11341521,-
WBGene00010157,I,11342087,11347288,-
WBGene00003977,I,11355236,11356370,+
WBGene00010158,I,11358167,11359301,-
WBGene00044250,I,11361090,11362900,-
WBGene00010161,I,11364321,11374334,-
WBGene00010159,I,11374620,11380127,+
WBGene00010160,I,11380231,11388751,+
WBGene00000010,I,11388689,11396660,-
WBGene00001215,I,11400612,11416427,-
WBGene00013186,I,11417844,11421236,+
WBGene00007769,I,11422190,11423600,+
WBGene00007768,I,11423993,11426054,-
WBGene00003664,I,11429029,11432145,+
WBGene00003663,I,11433671,11436018,-
WBGene00007770,I,11436782,11437407,+
WBGene00007766,I,11439289,11440709,+
WBGene00014182,I,11449856,11451972,-
WBGene00014186,I,11454780,11455450,+
WBGene00014184,I,11456467,11459953,-
WBGene00014183,I,11460780,11463074,-
WBGene00050875,I,11465142,11467612,+
WBGene00014188,I,11469462,11471584,+
WBGene00003703,I,11473218,11475677,-
WBGene00014189,I,11477744,11480071,+
WBGene00010652,I,11483392,11484571,+
WBGene00010650,I,11484778,11486598,-
WBGene00010651,I,11486895,11488471,-
WBGene00000641,I,11489158,11490630,-
WBGene00086564,I,11492358,11492773,-
WBGene00010654,I,11495521,11496245,-
WBGene00086563,I,11498450,11498715,-
WBGene00010653,I,11498914,11499655,-
WBGene00009318,I,11501625,11507129,+
WBGene00009312,I,11510066,11512769,+
WBGene00009313,I,11512840,11513853,-
WBGene00009316,I,11515127,11517108,+
WBGene00009314,I,11517558,11526962,+
WBGene00009315,I,11517748,11520660,-
WBGene00001131,I,11526918,11557851,-
WBGene00077557,I,11557986,11558671,+
WBGene00008853,I,11560637,11564387,-
WBGene00008854,I,11565238,11570803,+
WBGene00008855,I,11570886,11571178,-
WBGene00008856,I,11572121,11577488,-
WBGene00008857,I,11578641,11579612,+
WBGene00008858,I,11579861,11581986,-
WBGene00004963,I,11582743,11586069,-
WBGene00007639,I,11585922,11587294,+
WBGene00006807,I,11592302,11602095,+
WBGene00007640,I,11604027,11611314,-
WBGene00007637,I,11611672,11616244,+
WBGene00007638,I,11616816,11620263,-
WBGene00086552,I,11621576,11621899,-
WBGene00012945,I,11623115,11626562,+
WBGene00012264,I,11629641,11629932,+
WBGene00012265,I,11630064,11632879,+
WBGene00004275,I,11633002,11638491,-
WBGene00012266,I,11634613,11636910,+
WBGene00012270,I,11638482,11640414,-
WBGene00002205,I,11640687,11642206,-
WBGene00012269,I,11642625,11645420,+
WBGene00206393,I,11648796,11649015,-
WBGene00012268,I,11649982,11651912,+
WBGene00012267,I,11652789,11654254,+
WBGene00002232,I,11675850,11680975,+
WBGene00008681,I,11680913,11682441,-
WBGene00206532,I,11686110,11686948,-
WBGene00011935,I,11688680,11690830,-
WBGene00011934,I,11694722,11694997,-
WBGene00005523,I,11695339,11697943,-
WBGene00005524,I,11699169,11701178,+
WBGene00011936,I,11701631,11703698,+
WBGene00009413,I,11707818,11712197,-
WBGene00009415,I,11718864,11719790,+
WBGene00009416,I,11723427,11726326,-
WBGene00009410,I,11736637,11737699,-
WBGene00009409,I,11738726,11740762,-
WBGene00009412,I,11741603,11743951,-
WBGene00012946,I,11744172,11747451,+
WBGene00006876,I,11747428,11792118,-
WBGene00011384,I,11797032,11797947,-
WBGene00011385,I,11800433,11804991,-
WBGene00011387,I,11809132,11811266,-
WBGene00011386,I,11813779,11814451,+
WBGene00011388,I,11815910,11819277,+
WBGene00011389,I,11819539,11820051,+
WBGene00086562,I,11820688,11823459,+
WBGene00011390,I,11827549,11828619,-
WBGene00012947,I,11830985,11833166,-
WBGene00012948,I,11836460,11849251,+
WBGene00000415,I,11851566,11868105,-
WBGene00001045,I,11877803,11887278,+
WBGene00000821,I,11888501,11890558,-
WBGene00012950,I,11891549,11893727,-
WBGene00012951,I,11893881,11896284,+
WBGene00012955,I,11896674,11896982,+
WBGene00012952,I,11898789,11901476,-
WBGene00012953,I,11901608,11903305,+
WBGene00001372,I,11907571,11909280,-
WBGene00011155,I,11909366,11910104,-
WBGene00011156,I,11910328,11911021,-
WBGene00006707,I,11911324,11912052,+
WBGene00003123,I,11912005,11912677,-
WBGene00001836,I,11912791,11917719,-
WBGene00011058,I,11917834,11923915,-
WBGene00006958,I,11924785,11929511,-
WBGene00011059,I,11930704,11931757,+
WBGene00011060,I,11947001,11953126,+
WBGene00002004,I,11953512,11961984,-
WBGene00044805,I,11971179,11971797,-
WBGene00013135,I,11979401,11985612,+
WBGene00013136,I,11998781,12002643,+
WBGene00013137,I,12002552,12004997,-
WBGene00000023,I,12011195,12018668,+
WBGene00013138,I,12020756,12028313,+
WBGene00010247,I,12029927,12031762,-
WBGene00010246,I,12032289,12033706,-
WBGene00010245,I,12034072,12037230,+
WBGene00010244,I,12041035,12045200,+
WBGene00010248,I,12045201,12046617,-
WBGene00002240,I,12047469,12059798,-
WBGene00002000,I,12060271,12064897,-
WBGene00010242,I,12066010,12068668,-
WBGene00010243,I,12069806,12072878,+
WBGene00000544,I,12073143,12084221,-
WBGene00012958,I,12084721,12087830,-
WBGene00012959,I,12088120,12089969,-
WBGene00012960,I,12091571,12094740,-
WBGene00012961,I,12095777,12097987,-
WBGene00004509,I,12098671,12106112,-
WBGene00010825,I,12106912,12108503,-
WBGene00010822,I,12109096,12112505,-
WBGene00010821,I,12114064,12116304,-
WBGene00010820,I,12117997,12122282,-
WBGene00010823,I,12119111,12119586,+
WBGene00005858,I,12122811,12125586,+
WBGene00010819,I,12130070,12131381,+
WBGene00010817,I,12132553,12133639,-
WBGene00005526,I,12134268,12136465,-
WBGene00005525,I,12140560,12142757,+
WBGene00005529,I,12144007,12146977,+
WBGene00005528,I,12148080,12150741,-
WBGene00005527,I,12151021,12154333,-
WBGene00008870,I,12157151,12158712,+
WBGene00011026,I,12162399,12163703,-
WBGene00011027,I,12165729,12168022,+
WBGene00011028,I,12168238,12177782,-
WBGene00011029,I,12181046,12183297,-
WBGene00011030,I,12183688,12189007,+
WBGene00077559,I,12189521,12190218,-
WBGene00007600,I,12202232,12203717,+
WBGene00007601,I,12203800,12205809,+
WBGene00007602,I,12207097,12212206,+
WBGene00007603,I,12213109,12215184,+
WBGene00008782,I,12216249,12217766,-
WBGene00008783,I,12218433,12222298,-
WBGene00008784,I,12230418,12232303,+
WBGene00008787,I,12232689,12235193,+
WBGene00008785,I,12236018,12238252,+
WBGene00008786,I,12239160,12241808,+
WBGene00003672,I,12245456,12246751,+
WBGene00009607,I,12247771,12250210,+
WBGene00009608,I,12251906,12253554,+
WBGene00009609,I,12254506,12257180,-
WBGene00009610,I,12259912,12262848,-
WBGene00009611,I,12264521,12266267,-
WBGene00009612,I,12267045,12267491,+
WBGene00009613,I,12267499,12268128,-
WBGene00009615,I,12269255,12272190,-
WBGene00009614,I,12272981,12274636,-
WBGene00009616,I,12276893,12278775,-
WBGene00010162,I,12281221,12282615,+
WBGene00010173,I,12283270,12285384,+
WBGene00010163,I,12287199,12289307,+
WBGene00010164,I,12289552,12290191,-
WBGene00010165,I,12290449,12292212,+
WBGene00010166,I,12292269,12293936,-
WBGene00010167,I,12294380,12296263,-
WBGene00010168,I,12297734,12300817,+
WBGene00010169,I,12301424,12303157,-
WBGene00010170,I,12303599,12306820,+
WBGene00010171,I,12307731,12310406,+
WBGene00010172,I,12312335,12314895,+
WBGene00008159,I,12315193,12316688,-
WBGene00008160,I,12317321,12318735,-
WBGene00008162,I,12319350,12320854,+
WBGene00008161,I,12321937,12324062,+
WBGene00008163,I,12326441,12327030,-
WBGene00003671,I,12328100,12329508,-
WBGene00008158,I,12331085,12333413,+
WBGene00008157,I,12335035,12336605,+
WBGene00011650,I,12337968,12339239,+
WBGene00011651,I,12341145,12342826,+
WBGene00011659,I,12345819,12347265,-
WBGene00011658,I,12347700,12349819,-
WBGene00011657,I,12350692,12352724,+
WBGene00011656,I,12353506,12356337,+
WBGene00011654,I,12356942,12359341,+
WBGene00011653,I,12359942,12363416,+
WBGene00045103,I,12364718,12365948,+
WBGene00011655,I,12366335,12368619,+
WBGene00011652,I,12369189,12370607,+
WBGene00011778,I,12371350,12372647,+
WBGene00011779,I,12374205,12376649,-
WBGene00001642,I,12376904,12378674,-
WBGene00001641,I,12379335,12381032,-
WBGene00011780,I,12381808,12383259,+
WBGene00003667,I,12384277,12385731,-
WBGene00011781,I,12385766,12388791,+
WBGene00011782,I,12389760,12391004,+
WBGene00011783,I,12392009,12393585,+
WBGene00011784,I,12394120,12396322,+
WBGene00011785,I,12396644,12398267,-
WBGene00011786,I,12399323,12401206,-
WBGene00008470,I,12403110,12404489,-
WBGene00008471,I,12405525,12406946,-
WBGene00008472,I,12407564,12411435,+
WBGene00008473,I,12413809,12415745,+
WBGene00008474,I,12417386,12418800,+
WBGene00008475,I,12421239,12424411,+
WBGene00008476,I,12424555,12426850,-
WBGene00008477,I,12430028,12431500,-
WBGene00008478,I,12433061,12434886,+
WBGene00008479,I,12435726,12437285,+
WBGene00003679,I,12439936,12441253,-
WBGene00008289,I,12442299,12443728,+
WBGene00008290,I,12444587,12446502,+
WBGene00008291,I,12447167,12448421,-
WBGene00008292,I,12449977,12452027,+
WBGene00008293,I,12453389,12454764,+
WBGene00003098,I,12454853,12455826,-
WBGene00044242,I,12456918,12457209,+
WBGene00008294,I,12459499,12460903,-
WBGene00008295,I,12461645,12461925,+
WBGene00001640,I,12462176,12465831,+
WBGene00012102,I,12470620,12473404,-
WBGene00077508,I,12474620,12475934,-
WBGene00012103,I,12476685,12478588,-
WBGene00012104,I,12483809,12486235,+
WBGene00004190,I,12486872,12490931,+
WBGene00012105,I,12490976,12494530,+
WBGene00012106,I,12494826,12497354,+
WBGene00012107,I,12497438,12499817,-
WBGene00010768,I,12497467,12505010,+
WBGene00010769,I,12505028,12508064,+
WBGene00006829,I,12508299,12513419,+
WBGene00010771,I,12513516,12518694,+
WBGene00010770,I,12518787,12527906,+
WBGene00004181,I,12528312,12532182,-
WBGene00012208,I,12532669,12534400,+
WBGene00012209,I,12535312,12537671,+
WBGene00012210,I,12537903,12538986,-
WBGene00012216,I,12551537,12552375,+
WBGene00012215,I,12557164,12557563,+
WBGene00012214,I,12558547,12558944,+
WBGene00012213,I,12559245,12559674,-
WBGene00012212,I,12560292,12560714,-
WBGene00012211,I,12561040,12561560,-
WBGene00045474,I,12562756,12564210,+
WBGene00008216,I,12564356,12565893,+
WBGene00001008,I,12565804,12572801,-
WBGene00077769,I,12578108,12579205,-
WBGene00009359,I,12579897,12580957,-
WBGene00009360,I,12582074,12584711,+
WBGene00009363,I,12585382,12585971,+
WBGene00009362,I,12587242,12591091,+
WBGene00009361,I,12591116,12597442,-
WBGene00011581,I,12603772,12606248,-
WBGene00011582,I,12621171,12623084,+
WBGene00011586,I,12624235,12625238,-
WBGene00011583,I,12626742,12628997,-
WBGene00011584,I,12631185,12632555,-
WBGene00010399,I,12635172,12636542,+
WBGene00010401,I,12638730,12640485,+
WBGene00010420,I,12647376,12652087,-
WBGene00010419,I,12652277,12654646,+
WBGene00012040,I,12655449,12655970,-
WBGene00012041,I,12657762,12659446,-
WBGene00012039,I,12661254,12661729,+
WBGene00012038,I,12662938,12663833,-
WBGene00012037,I,12665067,12668893,+
WBGene00003921,I,12669380,12674447,+
WBGene00003578,I,12679207,12681816,+
WBGene00012042,I,12681883,12682681,-
WBGene00012036,I,12683238,12684359,+
WBGene00005051,I,12686116,12688206,+
WBGene00005043,I,12688727,12690572,+
WBGene00005044,I,12692169,12693724,+
WBGene00005046,I,12696558,12698214,+
WBGene00005047,I,12699430,12701093,+
WBGene00005048,I,12701439,12702886,+
WBGene00005049,I,12703435,12704727,+
WBGene00005050,I,12705097,12706983,+
WBGene00011545,I,12708863,12711596,-
WBGene00011546,I,12712158,12714722,-
WBGene00011547,I,12715648,12716583,+
WBGene00011548,I,12718296,12719795,+
WBGene00005835,I,12720205,12722036,+
WBGene00011551,I,12722045,12722883,-
WBGene00006889,I,12728137,12729870,+
WBGene00012192,I,12730011,12732753,-
WBGene00012193,I,12733287,12741275,-
WBGene00012194,I,12738087,12741141,+
WBGene00006700,I,12741588,12749318,+
WBGene00012195,I,12749890,12752087,+
WBGene00012196,I,12758433,12759572,+
WBGene00000138,I,12759545,12764960,-
WBGene00007094,I,12773659,12782282,+
WBGene00023459,I,12783358,12784978,+
WBGene00012474,I,12787944,12806581,-
WBGene00012475,I,12807586,12809682,-
WBGene00012476,I,12809999,12815641,-
WBGene00012477,I,12815904,12816428,+
WBGene00001746,I,12819216,12825562,+
WBGene00003735,I,12825664,12834143,+
WBGene00004231,I,12834665,12843233,+
WBGene00012478,I,12844269,12853105,+
WBGene00012479,I,12853088,12858272,-
WBGene00012480,I,12859499,12861197,+
WBGene00012481,I,12861951,12863544,-
WBGene00012488,I,12864230,12865568,-
WBGene00012482,I,12866120,12866896,-
WBGene00012487,I,12866991,12869556,-
WBGene00003905,I,12878595,12902806,+
WBGene00012483,I,12903059,12904072,-
WBGene00012484,I,12904470,12906212,+
WBGene00001433,I,12916441,12918108,+
WBGene00001427,I,12918722,12919278,+
WBGene00003989,I,12922004,12923548,+
WBGene00012486,I,12929372,12931069,+
WBGene00014864,I,12932037,12933751,+
WBGene00006484,I,12934767,12937252,+
WBGene00008564,I,12938555,12942224,+
WBGene00008565,I,12942280,12946562,+
WBGene00008566,I,12946937,12950991,+
WBGene00008567,I,12951025,12954015,+
WBGene00045468,I,12953969,12955322,-
WBGene00008568,I,12955328,12957902,-
WBGene00008569,I,12958639,12959955,-
WBGene00008130,I,12960313,12961606,-
WBGene00008131,I,12962042,12964579,-
WBGene00006529,I,12964674,12966876,-
WBGene00003948,I,12967216,12968280,-
WBGene00001234,I,12968921,12970238,+
WBGene00004196,I,12971120,12972347,+
WBGene00008132,I,12975183,12978749,+
WBGene00008133,I,12978839,12982452,+
WBGene00008134,I,12983004,12983974,+
WBGene00003753,I,12988223,12995475,+
WBGene00004895,I,12995803,13012859,+
WBGene00004063,I,13004437,13023625,+
WBGene00012274,I,13033483,13045555,+
WBGene00012275,I,13050445,13057435,+
WBGene00003675,I,13055664,13062122,-
WBGene00012500,I,13066924,13069038,+
WBGene00012502,I,13069529,13071190,-
WBGene00012501,I,13072229,13072958,-
WBGene00012503,I,13076270,13077020,+
WBGene00045234,I,13077073,13077941,+
WBGene00012504,I,13081448,13082166,-
WBGene00012509,I,13082681,13082966,-
WBGene00012505,I,13083321,13085505,-
WBGene00007655,I,13085106,13103119,-
WBGene00012510,I,13092786,13094438,+
WBGene00077684,I,13101357,13101901,+
WBGene00007656,I,13104253,13106298,+
WBGene00044711,I,13107140,13107457,+
WBGene00007657,I,13107492,13112443,-
WBGene00044709,I,13107492,13109778,-
WBGene00007658,I,13113487,13116434,+
WBGene00007662,I,13121092,13123513,+
WBGene00044708,I,13124081,13126650,-
WBGene00007661,I,13128470,13130409,-
WBGene00007659,I,13130808,13132464,-
WBGene00044237,I,13133638,13136156,+
WBGene00007660,I,13136467,13138521,-
WBGene00009061,I,13139132,13141789,+
WBGene00044707,I,13143201,13144588,+
WBGene00009063,I,13152575,13153706,+
WBGene00009064,I,13155239,13161508,-
WBGene00009065,I,13162492,13182725,+
WBGene00077766,I,13183452,13183772,-
WBGene00008905,I,13184852,13188234,+
WBGene00138716,I,13189792,13190583,-
WBGene00045458,I,13190578,13191921,+
WBGene00008906,I,13191983,13194645,-
WBGene00008907,I,13197179,13198374,-
WBGene00008908,I,13199359,13200980,+
WBGene00044058,I,13201710,13204293,+
WBGene00008909,I,13204497,13205403,+
WBGene00014235,I,13205664,13207759,+
WBGene00014236,I,13208441,13210462,+
WBGene00014238,I,13214095,13216230,-
WBGene00014239,I,13216605,13218867,-
WBGene00006048,I,13219056,13219545,+
WBGene00014196,I,13227995,13229751,-
WBGene00014197,I,13232121,13234686,+
WBGene00014200,I,13235367,13236662,+
WBGene00044786,I,13237054,13238302,+
WBGene00014201,I,13238540,13240726,+
WBGene00014199,I,13241645,13244797,+
WBGene00014198,I,13246853,13249789,+
WBGene00009695,I,13254141,13257729,+
WBGene00009698,I,13260933,13262727,-
WBGene00009696,I,13263803,13265570,-
WBGene00006902,I,13269984,13272784,+
WBGene00010804,I,13274111,13276462,+
WBGene00010805,I,13277061,13280175,-
WBGene00010806,I,13280892,13286497,-
WBGene00010807,I,13287551,13289542,-
WBGene00006595,I,13292506,13297555,+
WBGene00010808,I,13298209,13300716,-
WBGene00011431,I,13302759,13304311,-
WBGene00011432,I,13307031,13308787,+
WBGene00011435,I,13309994,13310715,+
WBGene00011433,I,13310915,13318704,-
WBGene00001555,I,13325230,13333508,+
WBGene00011434,I,13329175,13330998,-
WBGene00012343,I,13333380,13336146,-
WBGene00012345,I,13337460,13338921,-
WBGene00004915,I,13339397,13340224,+
WBGene00012344,I,13340327,13343940,+
WBGene00012732,I,13344044,13346966,+
WBGene00012733,I,13347068,13349259,+
WBGene00012734,I,13349410,13358674,+
WBGene00012735,I,13360401,13366888,-
WBGene00077546,I,13376876,13377347,+
WBGene00007218,I,13379917,13384371,+
WBGene00007217,I,13384752,13387084,+
WBGene00007215,I,13387819,13391450,+
WBGene00007216,I,13392118,13394001,+
WBGene00007214,I,13397270,13398529,+
WBGene00007219,I,13402447,13404106,+
WBGene00007213,I,13409933,13411451,-
WBGene00012290,I,13411594,13412879,-
WBGene00219206,I,13411814,13412423,+
WBGene00012289,I,13418458,13423379,+
WBGene00044066,I,13423994,13425148,-
WBGene00012739,I,13426454,13428471,-
WBGene00012740,I,13428913,13434717,+
WBGene00012738,I,13435489,13437965,+
WBGene00005010,I,13438058,13450216,+
WBGene00013023,I,13451463,13452841,+
WBGene00013021,I,13455356,13470439,-
WBGene00013020,I,13471683,13474185,-
WBGene00013019,I,13477214,13487404,-
WBGene00013018,I,13489552,13491226,+
WBGene00013603,I,13491425,13493317,-
WBGene00003585,I,13503045,13507064,+
WBGene00044260,I,13508785,13512026,+
WBGene00013604,I,13512313,13514320,-
WBGene00013593,I,13514550,13526254,+
WBGene00219288,I,13527366,13527963,-
WBGene00044261,I,13528706,13531444,-
WBGene00013594,I,13534718,13537014,+
WBGene00013595,I,13536892,13542703,-
WBGene00000089,I,13543079,13545188,-
WBGene00006936,I,13547898,13559361,-
WBGene00013602,I,13560447,13563465,+
WBGene00001704,I,13564567,13566362,+
WBGene00000891,I,13566258,13572063,-
WBGene00013596,I,13572379,13575805,+
WBGene00013597,I,13576148,13581585,+
WBGene00006709,I,13581698,13585295,+
WBGene00013598,I,13586037,13588831,-
WBGene00013599,I,13589099,13598505,-
WBGene00013601,I,13598618,13603393,-
WBGene00012386,I,13603885,13626225,-
WBGene00012351,I,13626522,13628447,-
WBGene00006793,I,13629227,13633494,+
WBGene00002116,I,13637845,13639311,-
WBGene00012352,I,13640297,13648405,-
WBGene00004445,I,13652939,13653704,-
WBGene00012353,I,13654009,13658167,+
WBGene00012354,I,13658171,13659128,-
WBGene00194660,I,13661522,13662332,-
WBGene00012234,I,13663462,13674997,+
WBGene00012233,I,13676255,13677792,-
WBGene00012232,I,13680415,13681366,-
WBGene00012231,I,13682137,13684417,+
WBGene00012235,I,13685303,13687582,-
WBGene00012387,I,13692929,13702954,-
WBGene00012388,I,13709779,13719528,+
WBGene00012394,I,13720125,13724453,-
WBGene00006505,I,13724577,13732046,-
WBGene00012393,I,13734958,13751124,-
WBGene00012391,I,13746673,13750483,+
WBGene00012390,I,13751234,13756354,-
WBGene00012389,I,13756730,13771773,+
WBGene00012576,I,13773067,13778782,+
WBGene00012578,I,13778899,13792165,+
WBGene00012577,I,13779781,13781402,-
WBGene00003581,I,13792645,13794152,-
WBGene00014871,I,13796060,13796675,-
WBGene00012370,I,13797345,13802259,-
WBGene00044065,I,13802390,13806801,-
WBGene00012366,I,13806917,13812268,-
WBGene00012371,I,13812136,13814355,-
WBGene00012369,I,13814756,13827988,-
WBGene00012365,I,13828102,13832146,-
WBGene00012236,I,13835292,13840047,-
WBGene00012237,I,13840706,13841846,+
WBGene00012239,I,13841895,13843480,-
WBGene00012238,I,13844729,13846957,-
WBGene00012240,I,13849599,13850893,-
WBGene00195155,I,13853079,13853727,+
WBGene00012241,I,13854632,13859699,+
WBGene00006382,I,13861472,13887468,+
WBGene00013500,I,13890342,13891458,-
WBGene00013501,I,13893133,13894476,+
WBGene00006616,I,13899085,13913854,+
WBGene00013502,I,13915664,13917809,+
WBGene00013503,I,13919375,13922122,+
WBGene00195229,I,13923061,13923763,-
WBGene00195228,I,13927091,13927548,-
WBGene00195227,I,13927959,13928792,-
WBGene00013505,I,13938185,13942016,+
WBGene00013506,I,13943079,13951628,-
WBGene00004475,I,13952159,13953194,+
WBGene00013507,I,13957199,13960440,+
WBGene00013508,I,13978430,13980144,+
WBGene00045058,I,13984308,13989588,+
WBGene00013511,I,13992582,13996221,+
WBGene00013509,I,14004412,14008484,+
WBGene00013865,I,14009871,14011521,+
WBGene00002111,I,14012369,14013629,-
WBGene00086553,I,14015754,14016405,-
WBGene00002112,I,14018785,14019759,+
WBGene00002108,I,14020364,14021155,+
WBGene00002110,I,14027236,14027588,+
WBGene00045396,I,14028997,14029212,-
WBGene00002107,I,14031147,14031667,-
WBGene00002113,I,14035096,14036057,-
WBGene00002109,I,14037151,14037803,-
WBGene00013512,I,14041627,14043478,+
WBGene00013513,I,14046234,14048017,-
WBGene00004875,I,14048085,14051003,-
WBGene00009822,I,14054593,14056894,-
WBGene00009827,I,14059411,14060829,+
WBGene00009826,I,14060876,14062137,-
WBGene00009825,I,14062749,14068803,-
WBGene00009824,I,14075836,14078211,+
WBGene00009823,I,14078193,14082643,-
WBGene00013408,I,14083048,14084198,-
WBGene00013409,I,14084523,14087351,+
WBGene00013404,I,14088094,14089858,+
WBGene00013403,I,14090738,14096346,-
WBGene00013405,I,14097492,14101090,-
WBGene00006565,I,14101236,14104475,+
WBGene00001047,I,14104429,14113179,-
WBGene00013406,I,14113636,14114085,+
WBGene00013407,I,14114194,14118650,+
WBGene00010537,I,14118753,14127199,+
WBGene00002181,I,14128594,14142207,-
WBGene00014700,I,14150731,14151041,-
WBGene00014699,I,14151868,14152182,+
WBGene00007990,I,14153270,14154168,-
WBGene00014698,I,14154769,14155249,-
WBGene00007989,I,14155470,14156316,+
WBGene00007992,I,14157611,14158076,+
WBGene00007988,I,14158506,14161718,-
WBGene00007991,I,14163447,14168309,+
WBGene00077520,I,14171864,14172786,+
WBGene00004202,I,14172840,14179360,-
WBGene00014100,I,14182787,14185717,-
WBGene00014101,I,14185647,14196295,-
WBGene00014104,I,14198612,14199099,-
WBGene00014103,I,14200020,14204687,+
WBGene00014102,I,14205717,14208581,+
WBGene00008185,I,14209215,14212501,-
WBGene00008184,I,14213681,14215790,+
WBGene00008186,I,14216756,14220624,-
WBGene00001377,I,14220783,14231360,-
WBGene00008190,I,14233035,14235948,-
WBGene00008187,I,14237359,14241188,+
WBGene00008191,I,14241898,14244452,-
WBGene00008188,I,14246228,14247314,+
WBGene00010576,I,14251061,14252362,+
WBGene00010577,I,14252957,14255510,+
WBGene00010578,I,14255684,14256970,+
WBGene00003980,I,14263301,14271321,+
WBGene00008610,I,14271893,14274213,-
WBGene00008613,I,14283464,14285319,-
WBGene00008611,I,14285937,14287077,-
WBGene00008612,I,14287872,14295898,-
WBGene00009862,I,14297287,14298265,+
WBGene00009861,I,14298755,14299763,+
WBGene00086555,I,14305070,14307134,+
WBGene00009863,I,14311009,14312871,+
WBGene00268216,I,14319114,14319913,+
WBGene00005078,I,14322237,14328965,+
WBGene00009865,I,14331085,14339831,+
WBGene00013666,I,14341571,14343815,-
WBGene00013667,I,14347514,14358326,-
WBGene00013668,I,14358502,14367594,+
WBGene00001156,I,14367608,14369773,-
WBGene00000241,I,14371142,14376025,-
WBGene00044264,I,14378386,14379425,-
WBGene00006824,I,14381344,14384737,-
WBGene00002977,I,14390333,14400222,+
WBGene00001147,I,14391960,14395241,+
WBGene00013669,I,14400679,14405649,-
WBGene00000158,I,14406028,14417942,+
WBGene00013670,I,14418197,14431806,+
WBGene00013671,I,14432793,14433841,+
WBGene00013672,I,14436810,14451880,-
WBGene00013684,I,14441515,14444332,+
WBGene00013673,I,14461038,14465145,-
WBGene00013674,I,14465380,14468214,-
WBGene00004489,I,14468321,14469354,-
WBGene00013676,I,14469506,14476790,+
WBGene00013677,I,14476674,14486767,-
WBGene00013678,I,14486878,14496560,-
WBGene00013685,I,14496909,14498291,-
WBGene00013679,I,14499727,14510552,-
WBGene00001365,I,14511431,14518719,-
WBGene00013683,I,14529531,14546634,+
WBGene00013680,I,14552030,14565853,-
WBGene00013682,I,14567169,14616524,-
WBGene00044265,I,14620388,14620632,-
WBGene00002978,I,14621173,14631254,-
WBGene00013687,I,14634456,14642653,-
WBGene00013692,I,14642714,14646600,+
WBGene00013689,I,14647782,14651456,+
WBGene00013688,I,14652116,14657275,+
WBGene00013690,I,14657355,14661414,+
WBGene00013691,I,14662524,14662873,+
WBGene00001334,I,14663209,14674822,+
WBGene00013693,I,14675600,14682566,-
WBGene00013197,I,14688639,14691736,-
WBGene00013198,I,14694154,14700392,+
WBGene00003790,I,14701122,14706522,-
WBGene00013200,I,14707059,14707875,-
WBGene00013201,I,14708195,14710961,-
WBGene00013202,I,14711081,14715030,+
WBGene00013203,I,14716528,14719027,+
WBGene00003951,I,14719167,14720477,-
WBGene00010579,I,14720588,14721979,-
WBGene00010587,I,14721763,14724739,-
WBGene00010586,I,14725296,14726131,+
WBGene00010585,I,14726804,14730719,-
WBGene00010584,I,14732426,14733549,+
WBGene00010581,I,14735236,14736945,+
WBGene00010583,I,14737702,14738796,+
WBGene00001979,I,14738882,14742657,+
WBGene00010582,I,14742765,14747789,+
WBGene00010580,I,14748538,14753138,-
WBGene00009559,I,14755154,14756432,-
WBGene00001030,I,14756858,14759354,+
WBGene00043308,I,14758786,14759261,-
WBGene00004495,I,14759918,14760654,+
WBGene00009558,I,14760644,14768980,-
WBGene00009557,I,14770689,14775007,-
WBGene00009556,I,14775184,14776663,-
WBGene00006349,I,14777139,14787804,-
WBGene00009554,I,14788125,14789517,-
WBGene00006730,I,14790244,14790934,+
WBGene00009553,I,14791040,14794371,+
WBGene00010766,I,14794899,14797166,+
WBGene00010767,I,14797660,14798705,+
WBGene00004889,I,14807467,14815725,+
WBGene00013204,I,14815706,14820222,-
WBGene00002324,I,14820381,14821651,+
WBGene00006711,I,14822050,14823996,+
WBGene00009304,I,14829667,14834839,-
WBGene00044245,I,14838917,14839138,+
WBGene00009305,I,14839856,14843128,+
WBGene00009306,I,14846476,14850137,+
WBGene00000088,I,14850054,14855827,-
WBGene00006272,I,14852818,14854607,+
WBGene00006789,I,14855901,14863573,-
WBGene00008695,I,14867924,14871467,+
WBGene00006845,I,14872112,14875378,+
WBGene00001488,I,14875784,14900213,-
WBGene00004237,I,14909240,14913083,+
WBGene00009022,I,14913623,14915571,+
WBGene00002189,I,14919533,14951924,+
WBGene00014148,I,14953490,14955492,+
WBGene00014149,I,14955647,14957097,-
WBGene00000469,I,14961501,14965361,+
WBGene00014150,I,14967301,14968540,+
WBGene00013970,I,14975419,14980586,+
WBGene00006399,I,14984178,14987658,+
WBGene00013969,I,14993821,15001682,+
WBGene00003471,I,15001854,15005608,+
WBGene00009368,I,15005603,15013904,-
WBGene00009369,I,15014851,15016595,-
WBGene00001049,I,15017283,15023017,-
WBGene00009366,I,15023092,15027761,+
WBGene00009370,I,15027717,15030666,-
WBGene00009371,I,15031145,15033039,-
WBGene00009367,I,15034517,15035467,+
WBGene00009284,I,15036373,15040487,+
WBGene00000881,I,15040427,15041274,-
WBGene00009285,I,15041433,15050700,-
WBGene00009286,I,15050797,15052420,-
WBGene00009287,I,15053025,15053670,+
WBGene00009288,I,15053617,15059003,-
WBGene00008352,III,1271,3092,-
WBGene00019183,III,3321,11940,+
WBGene00003670,III,12170,14869,-
WBGene00019182,III,15720,17332,+
WBGene00019184,III,17316,19675,-
WBGene00019185,III,20531,23962,-
WBGene00021041,III,35454,39462,-
WBGene00000663,III,41061,42021,+
WBGene00021040,III,57702,58682,+
WBGene00021042,III,59869,61166,-
WBGene00021043,III,62888,66261,-
WBGene00005014,III,69073,69817,-
WBGene00018794,III,70442,86384,-
WBGene00018795,III,86677,87381,-
WBGene00018793,III,87559,89243,+
WBGene00003931,III,89453,94809,-
WBGene00016222,III,95394,97726,-
WBGene00016223,III,98398,98922,-
WBGene00016221,III,114903,116619,+
WBGene00016220,III,117707,118767,+
WBGene00016219,III,120492,124641,+
WBGene00016226,III,121735,122020,-
WBGene00016218,III,124778,126527,+
WBGene00016227,III,130180,130750,-
WBGene00016217,III,130947,131751,+
WBGene00016216,III,132418,134401,+
WBGene00020540,III,134494,137975,+
WBGene00020541,III,140134,141209,-
WBGene00020542,III,142121,143217,-
WBGene00020543,III,143631,144792,-
WBGene00020548,III,144994,145299,-
WBGene00020544,III,145360,146491,-
WBGene00269434,III,146917,147607,-
WBGene00020546,III,154475,156674,-
WBGene00006894,III,156824,163542,+
WBGene00018244,III,163598,164875,-
WBGene00018243,III,165690,166285,+
WBGene00189954,III,167385,169556,-
WBGene00018245,III,170337,171727,-
WBGene00018247,III,171887,172734,+
WBGene00189955,III,173797,174558,+
WBGene00018246,III,174609,175833,-
WBGene00018248,III,176111,177815,-
WBGene00018242,III,179542,180140,+
WBGene00077531,III,181561,182981,+
WBGene00018241,III,183231,184915,+
WBGene00003510,III,186951,188131,-
WBGene00006715,III,188838,190974,+
WBGene00018240,III,190986,191981,+
WBGene00018239,III,192104,194349,+
WBGene00185078,III,194460,210063,+
WBGene00021124,III,201279,207092,-
WBGene00002230,III,209992,230450,+
WBGene00021755,III,230429,235121,+
WBGene00021754,III,235844,254067,+
WBGene00021753,III,254535,264636,+
WBGene00021759,III,265090,266593,+
WBGene00021752,III,268458,283009,+
WBGene00021757,III,284117,289444,+
WBGene00194737,III,289464,294627,-
WBGene00021751,III,292640,314266,+
WBGene00000081,III,295651,298556,-
WBGene00021758,III,315460,321721,+
WBGene00021756,III,335956,343241,-
WBGene00001561,III,344307,378250,-
WBGene00004045,III,365949,377560,+
WBGene00019636,III,378004,381298,-
WBGene00019639,III,381900,382570,-
WBGene00019638,III,398730,399392,-
WBGene00021909,III,402384,405589,+
WBGene00021910,III,408094,418738,-
WBGene00021913,III,429300,431750,+
WBGene00021912,III,434891,440142,+
WBGene00021911,III,440267,443494,+
WBGene00044401,III,453785,463811,-
WBGene00021914,III,464715,471702,-
WBGene00017328,III,472301,475349,+
WBGene00003134,III,475454,482322,+
WBGene00003770,III,486123,486547,-
WBGene00044288,III,488764,489452,+
WBGene00006781,III,491547,502625,+
WBGene00017937,III,505241,512217,-
WBGene00020704,III,513720,516614,-
WBGene00020702,III,518356,524044,-
WBGene00020703,III,525234,526924,-
WBGene00020701,III,542066,546537,+
WBGene00015155,III,557518,572137,+
WBGene00021903,III,573984,576447,+
WBGene00021904,III,576956,577567,-
WBGene00021905,III,577684,587105,-
WBGene00021906,III,587244,598117,-
WBGene00002269,III,599509,600366,-
WBGene00021907,III,602708,603822,-
WBGene00021908,III,604003,605515,-
WBGene00020566,III,606004,606994,+
WBGene00020559,III,607045,609973,-
WBGene00020561,III,610881,614547,-
WBGene00020560,III,614707,617447,-
WBGene00020562,III,618246,620254,-
WBGene00020563,III,624607,627938,-
WBGene00020564,III,628175,630987,-
WBGene00001412,III,631938,634645,-
WBGene00020565,III,634893,636167,-
WBGene00021063,III,636479,638419,-
WBGene00044319,III,638531,640226,-
WBGene00044318,III,640790,641625,+
WBGene00021061,III,642059,645613,+
WBGene00015648,III,646754,654463,+
WBGene00015647,III,658709,662732,+
WBGene00015649,III,662847,666265,-
WBGene00020923,III,668098,668433,-
WBGene00001709,III,676122,680253,+
WBGene00020924,III,680634,683418,-
WBGene00020927,III,686237,692033,-
WBGene00016029,III,688739,715823,+
WBGene00016030,III,692538,696456,-
WBGene00016028,III,725022,726155,+
WBGene00003936,III,727211,752426,-
WBGene00020550,III,740613,742974,+
WBGene00020551,III,755298,758080,-
WBGene00018363,III,761779,762392,+
WBGene00004212,III,763810,771366,+
WBGene00018365,III,771577,772819,+
WBGene00000882,III,773403,774159,+
WBGene00000117,III,774321,778871,-
WBGene00018364,III,778253,783303,-
WBGene00018362,III,783714,786092,+
WBGene00004922,III,786532,793733,-
WBGene00004498,III,794300,795120,+
WBGene00015173,III,795136,809439,+
WBGene00000903,III,811828,813773,+
WBGene00000895,III,816145,821730,+
WBGene00019328,III,823222,826408,+
WBGene00019329,III,828590,832277,-
WBGene00019327,III,833858,835808,+
WBGene00019331,III,835815,839591,-
WBGene00019332,III,840460,841366,-
WBGene00001392,III,842935,843802,+
WBGene00019326,III,845842,850586,+
WBGene00019333,III,851328,852396,-
WBGene00004388,III,852801,853909,-
WBGene00006430,III,854219,856535,+
WBGene00019334,III,856560,860090,+
WBGene00000202,III,860198,861324,+
WBGene00021170,III,862306,865399,+
WBGene00020758,III,867512,869987,-
WBGene00020759,III,871783,872385,-
WBGene00020760,III,872622,873531,-
WBGene00044681,III,874310,875325,+
WBGene00020761,III,877435,879734,-
WBGene00020757,III,879860,881506,+
WBGene00020762,III,881443,886789,-
WBGene00020763,III,889955,895634,-
WBGene00017758,III,895786,900158,+
WBGene00017759,III,900138,901444,-
WBGene00017760,III,902151,907539,-
WBGene00017763,III,908328,909902,-
WBGene00000263,III,909957,910589,-
WBGene00017757,III,911261,912243,+
WBGene00017761,III,913248,916997,-
WBGene00017762,III,917088,919422,-
WBGene00003969,III,919528,926314,-
WBGene00020453,III,933585,936067,-
WBGene00020454,III,937302,938061,-
WBGene00020452,III,938869,939437,+
WBGene00020455,III,940879,943469,-
WBGene00020456,III,944795,946298,-
WBGene00020459,III,947848,949092,-
WBGene00020457,III,949300,950670,-
WBGene00020451,III,950869,952264,+
WBGene00020450,III,952419,953803,+
WBGene00050914,III,954291,954653,-
WBGene00050913,III,954873,955295,+
WBGene00020449,III,956334,957947,+
WBGene00020448,III,962304,963679,+
WBGene00019913,III,973311,980451,-
WBGene00019915,III,977386,988446,+
WBGene00006615,III,991881,1001907,+
WBGene00019916,III,1001145,1001411,-
WBGene00019914,III,1002707,1006298,+
WBGene00189956,III,1008436,1009913,+
WBGene00021337,III,1010535,1011385,+
WBGene00021338,III,1015680,1016136,-
WBGene00021336,III,1020954,1021876,+
WBGene00021339,III,1023221,1024561,-
WBGene00021340,III,1026916,1031065,-
WBGene00017153,III,1028339,1030896,-
WBGene00015267,III,1031324,1037212,-
WBGene00015266,III,1037492,1046261,+
WBGene00015268,III,1045809,1053246,-
WBGene00255598,III,1056263,1060061,-
WBGene00006697,III,1062793,1076555,-
WBGene00004277,III,1078150,1080775,-
WBGene00022357,III,1080901,1081300,+
WBGene00003917,III,1081402,1095073,+
WBGene00019030,III,1103224,1111923,+
WBGene00019029,III,1112279,1116374,-
WBGene00022104,III,1116424,1142927,+
WBGene00022106,III,1125243,1136025,-
WBGene00004891,III,1143172,1145211,+
WBGene00022103,III,1152044,1181137,+
WBGene00022356,III,1175107,1176553,-
WBGene00022490,III,1181990,1184942,+
WBGene00022491,III,1185248,1193812,-
WBGene00022492,III,1194367,1196292,-
WBGene00022493,III,1196560,1202008,-
WBGene00022489,III,1202548,1207346,+
WBGene00022488,III,1208104,1213650,+
WBGene00022497,III,1214951,1215293,+
WBGene00003978,III,1216116,1222072,-
WBGene00022487,III,1236015,1237142,+
WBGene00022486,III,1239260,1242780,+
WBGene00022485,III,1243513,1245283,+
WBGene00044675,III,1247618,1249153,-
WBGene00022484,III,1249493,1251838,+
WBGene00022494,III,1253384,1254401,-
WBGene00022483,III,1255551,1256929,+
WBGene00022495,III,1257213,1258414,-
WBGene00022482,III,1259424,1260184,+
WBGene00022496,III,1261944,1262842,-
WBGene00022481,III,1263992,1265370,+
WBGene00013840,III,1265673,1266855,-
WBGene00013839,III,1267338,1269256,-
WBGene00013838,III,1269558,1271451,-
WBGene00013836,III,1272474,1273676,-
WBGene00013837,III,1274514,1275588,-
WBGene00013845,III,1285016,1287119,+
WBGene00013844,III,1287299,1288523,-
WBGene00022479,III,1292051,1293215,-
WBGene00022478,III,1295684,1297069,+
WBGene00022477,III,1297904,1299484,+
WBGene00022476,III,1303714,1305461,+
WBGene00022329,III,1305716,1308294,-
WBGene00022328,III,1309187,1311226,+
WBGene00022332,III,1311228,1313148,-
WBGene00022330,III,1313297,1315229,-
WBGene00022331,III,1315264,1316665,+
WBGene00022327,III,1319016,1321671,-
WBGene00022326,III,1322133,1324633,-
WBGene00044402,III,1328644,1330966,+
WBGene00194735,III,1332016,1333708,+
WBGene00022325,III,1336707,1340333,-
WBGene00022324,III,1340597,1342494,-
WBGene00022333,III,1342975,1344692,+
WBGene00022323,III,1344874,1345794,-
WBGene00022322,III,1346315,1347128,-
WBGene00022321,III,1347787,1349400,-
WBGene00022320,III,1349752,1350836,-
WBGene00022319,III,1351216,1353371,-
WBGene00022318,III,1354997,1355420,-
WBGene00022341,III,1357080,1359135,-
WBGene00022342,III,1359254,1359769,-
WBGene00022340,III,1360507,1362676,+
WBGene00022352,III,1374152,1376542,+
WBGene00022343,III,1375245,1375591,-
WBGene00022344,III,1376945,1378003,-
WBGene00255597,III,1379140,1380663,-
WBGene00022339,III,1381445,1381627,+
WBGene00022345,III,1382375,1383412,-
WBGene00022338,III,1384820,1388350,+
WBGene00194746,III,1386993,1388497,-
WBGene00022346,III,1390450,1391852,-
WBGene00022337,III,1399972,1401305,+
WBGene00044761,III,1401946,1403460,+
WBGene00022353,III,1404792,1406230,+
WBGene00022354,III,1406463,1409239,-
WBGene00022347,III,1409243,1414116,-
WBGene00001236,III,1415152,1417188,-
WBGene00022336,III,1419196,1419914,+
WBGene00022348,III,1419863,1427228,-
WBGene00022335,III,1438832,1443190,+
WBGene00022349,III,1447495,1455770,-
WBGene00022334,III,1458536,1466732,+
WBGene00022350,III,1467876,1483507,-
WBGene00019716,III,1468643,1517993,-
WBGene00022351,III,1483622,1495330,-
WBGene00044341,III,1495434,1496027,-
WBGene00019715,III,1496401,1509308,+
WBGene00004905,III,1520224,1532768,-
WBGene00022054,III,1533774,1538198,+
WBGene00022055,III,1538472,1540244,-
WBGene00022053,III,1540493,1543445,+
WBGene00022056,III,1544938,1554447,-
WBGene00022057,III,1555395,1558529,-
WBGene00022052,III,1558800,1570129,+
WBGene00022051,III,1570306,1576638,+
WBGene00021246,III,1576751,1580857,+
WBGene00004894,III,1583155,1601140,-
WBGene00021245,III,1604955,1606850,+
WBGene00021247,III,1606829,1614033,-
WBGene00021248,III,1617151,1618954,-
WBGene00002025,III,1619742,1625797,+
WBGene00021244,III,1626632,1637561,+
WBGene00021249,III,1630792,1634451,-
WBGene00021243,III,1641463,1641735,+
WBGene00021250,III,1642649,1644563,-
WBGene00021251,III,1648621,1648806,-
WBGene00021241,III,1650302,1652669,+
WBGene00021252,III,1653731,1657480,-
WBGene00021253,III,1658207,1659863,-
WBGene00021254,III,1662104,1665152,-
WBGene00021257,III,1665493,1665793,-
WBGene00021259,III,1665913,1668634,-
WBGene00021260,III,1672517,1676721,-
WBGene00021261,III,1683630,1688099,-
WBGene00021266,III,1688144,1691770,-
WBGene00005141,III,1692081,1695106,-
WBGene00021262,III,1697221,1698986,-
WBGene00021263,III,1701714,1702437,-
WBGene00021264,III,1703500,1705899,-
WBGene00021256,III,1705946,1713729,+
WBGene00004779,III,1723194,1733101,-
WBGene00021593,III,1752183,1754942,-
WBGene00194738,III,1757834,1758251,-
WBGene00021592,III,1758721,1759783,+
WBGene00000560,III,1763524,1764836,+
WBGene00044798,III,1765458,1770091,-
WBGene00021442,III,1772531,1778069,-
WBGene00021441,III,1777802,1778309,+
WBGene00006513,III,1789084,1806859,+
WBGene00000545,III,1807740,1818323,-
WBGene00004249,III,1821150,1824180,-
WBGene00021443,III,1824919,1834347,+
WBGene00021440,III,1834513,1846758,+
WBGene00004163,III,1849047,1852902,+
WBGene00021446,III,1855390,1858884,+
WBGene00021445,III,1858913,1859569,+
WBGene00000941,III,1859888,1860381,+
WBGene00021444,III,1860429,1877514,+
WBGene00004886,III,1878365,1880866,+
WBGene00021447,III,1881158,1883017,-
WBGene00015243,III,1883607,1886218,-
WBGene00015242,III,1887558,1889691,+
WBGene00015244,III,1891383,1893842,-
WBGene00015241,III,1894057,1899856,+
WBGene00015245,III,1902193,1905640,-
WBGene00004128,III,1905962,1939568,+
WBGene00018720,III,1939546,1943653,-
WBGene00018721,III,1945058,1950270,-
WBGene00004491,III,1950492,1951426,+
WBGene00018723,III,1951526,1952032,+
WBGene00020115,III,1952014,1961945,-
WBGene00020116,III,1963566,1969902,-
WBGene00189953,III,1970071,1970533,-
WBGene00020117,III,1971182,1975709,-
WBGene00020118,III,1977315,1980462,+
WBGene00005143,III,1980823,1982647,-
WBGene00206512,III,1983749,1984960,-
WBGene00021438,III,1985109,1987466,+
WBGene00021437,III,1997841,2002438,+
WBGene00021436,III,2006029,2009196,+
WBGene00021439,III,2009302,2021589,-
WBGene00001063,III,2035036,2048007,-
WBGene00019709,III,2053872,2054449,-
WBGene00021433,III,2056730,2057670,-
WBGene00002099,III,2060673,2060957,-
WBGene00021434,III,2066640,2068350,-
WBGene00021435,III,2073009,2076520,-
WBGene00021703,III,2082819,2088248,+
WBGene00021702,III,2092709,2099881,+
WBGene00004088,III,2102295,2107497,+
WBGene00021701,III,2111802,2112427,+
WBGene00021704,III,2112416,2116897,-
WBGene00021700,III,2117842,2119091,+
WBGene00021698,III,2124137,2151550,+
WBGene00021697,III,2151968,2197908,+
WBGene00021705,III,2158622,2160342,-
WBGene00016524,III,2198006,2206882,+
WBGene00016523,III,2208257,2211242,+
WBGene00189950,III,2211420,2217095,+
WBGene00016525,III,2219797,2222365,+
WBGene00005142,III,2222438,2224000,-
WBGene00016522,III,2224672,2227198,+
WBGene00016521,III,2227707,2229228,+
WBGene00016527,III,2229992,2232460,-
WBGene00016520,III,2233888,2236987,+
WBGene00016528,III,2238967,2240172,-
WBGene00016519,III,2240771,2243843,+
WBGene00005144,III,2244165,2245827,-
WBGene00020642,III,2246016,2249404,+
WBGene00020637,III,2249932,2251448,-
WBGene00020640,III,2253449,2254783,+
WBGene00020639,III,2255949,2256949,+
WBGene00020638,III,2257554,2258941,-
WBGene00044676,III,2260004,2261445,-
WBGene00021861,III,2263242,2264139,+
WBGene00021860,III,2266651,2268300,+
WBGene00021862,III,2266980,2272175,-
WBGene00021859,III,2272453,2276965,+
WBGene00021858,III,2277279,2289967,+
WBGene00044403,III,2291419,2294124,+
WBGene00021863,III,2295344,2304920,-
WBGene00021864,III,2305942,2308008,-
WBGene00206486,III,2308256,2309744,+
WBGene00021865,III,2309924,2314073,-
WBGene00021857,III,2314436,2326901,+
WBGene00021866,III,2326921,2329644,-
WBGene00021867,III,2329577,2331183,-
WBGene00021856,III,2331572,2342184,+
WBGene00004016,III,2343573,2347329,+
WBGene00001589,III,2347591,2362056,+
WBGene00005146,III,2362948,2366278,+
WBGene00019150,III,2366884,2372655,-
WBGene00019199,III,2376193,2384840,+
WBGene00019200,III,2384892,2386579,-
WBGene00019201,III,2390203,2392116,-
WBGene00000506,III,2394325,2401308,-
WBGene00019198,III,2402070,2406332,+
WBGene00021021,III,2406308,2410985,-
WBGene00021022,III,2411090,2418205,-
WBGene00021020,III,2418345,2423912,+
WBGene00021019,III,2424355,2427738,+
WBGene00021023,III,2433550,2435227,-
WBGene00017104,III,2436105,2442328,+
WBGene00017105,III,2445228,2446142,-
WBGene00017103,III,2446223,2448696,+
WBGene00003711,III,2449382,2454949,-
WBGene00017102,III,2456180,2457764,+
WBGene00017101,III,2461911,2465079,+
WBGene00017100,III,2465474,2466800,+
WBGene00017106,III,2467347,2468302,-
WBGene00017099,III,2468486,2469443,+
WBGene00004884,III,2473868,2486620,+
WBGene00021847,III,2487769,2494340,+
WBGene00021852,III,2503448,2507972,-
WBGene00021850,III,2508848,2511802,+
WBGene00004314,III,2512283,2528628,-
WBGene00021849,III,2529063,2530502,+
WBGene00000464,III,2530615,2546420,+
WBGene00001410,III,2549927,2560684,+
WBGene00021848,III,2561710,2566589,+
WBGene00021853,III,2562982,2563983,-
WBGene00021855,III,2567404,2571547,-
WBGene00021854,III,2572031,2575723,-
WBGene00022197,III,2579314,2580664,+
WBGene00000160,III,2583953,2597034,-
WBGene00022196,III,2586465,2589316,+
WBGene00007019,III,2598057,2603299,+
WBGene00022198,III,2604236,2606541,+
WBGene00022195,III,2608017,2618856,+
WBGene00022194,III,2618963,2619375,+
WBGene00022193,III,2619936,2622709,+
WBGene00022192,III,2623170,2627771,+
WBGene00022191,III,2629013,2631439,+
WBGene00019212,III,2636405,2642848,+
WBGene00002915,III,2658083,2681112,+
WBGene00003941,III,2681451,2686463,-
WBGene00022165,III,2686791,2688997,+
WBGene00022174,III,2690160,2698817,-
WBGene00022173,III,2700937,2707818,+
WBGene00022175,III,2707737,2716447,-
WBGene00022176,III,2718158,2725092,-
WBGene00022172,III,2726080,2731670,+
WBGene00022177,III,2731346,2734091,-
WBGene00022178,III,2734080,2739531,-
WBGene00022179,III,2743719,2746653,-
WBGene00022180,III,2747130,2756512,-
WBGene00022181,III,2757087,2760816,-
WBGene00022182,III,2764037,2768675,-
WBGene00002244,III,2769358,2779053,-
WBGene00022171,III,2781039,2782817,+
WBGene00022185,III,2782733,2785993,-
WBGene00022170,III,2786117,2786859,+
WBGene00022169,III,2786854,2788028,+
WBGene00044609,III,2788441,2792973,+
WBGene00006695,III,2793323,2801900,-
WBGene00044760,III,2802450,2803681,+
WBGene00022168,III,2805430,2811096,+
WBGene00007000,III,2811870,2814969,-
WBGene00022167,III,2819280,2826153,+
WBGene00022166,III,2827070,2833824,+
WBGene00022188,III,2834663,2836261,+
WBGene00022190,III,2836639,2838453,+
WBGene00022189,III,2838763,2840927,-
WBGene00019261,III,2842044,2845197,+
WBGene00019260,III,2847016,2848582,+
WBGene00018991,III,2855554,2865497,+
WBGene00018990,III,2874818,2880705,+
WBGene00018989,III,2882304,2884967,+
WBGene00018988,III,2891762,2892613,+
WBGene00020598,III,2893433,2897183,+
WBGene00020597,III,2897711,2898802,+
WBGene00020599,III,2899441,2900402,-
WBGene00019994,III,2910910,2935740,+
WBGene00019995,III,2920074,2922167,-
WBGene00019996,III,2923662,2924758,-
WBGene00019997,III,2937103,2944044,-
WBGene00194747,III,2944084,2946230,-
WBGene00019157,III,2947091,2960574,+
WBGene00019158,III,2962170,2965634,-
WBGene00019159,III,2967048,2968932,-
WBGene00021916,III,2968966,2969877,+
WBGene00021917,III,2970677,2975785,-
WBGene00021915,III,2982414,2988150,+
WBGene00021918,III,2988081,2990057,-
WBGene00000898,III,2995487,3040860,-
WBGene00021919,III,3042726,3047125,-
WBGene00019169,III,3052916,3057550,+
WBGene00019171,III,3059598,3059943,-
WBGene00019170,III,3061192,3064328,-
WBGene00006725,III,3068306,3069210,+
WBGene00019168,III,3070523,3085268,+
WBGene00004787,III,3086693,3091738,+
WBGene00019167,III,3091850,3100468,+
WBGene00021818,III,3101267,3103955,-
WBGene00021820,III,3112428,3127124,-
WBGene00021817,III,3129277,3131399,+
WBGene00003175,III,3131574,3139234,-
WBGene00016634,III,3142198,3143757,-
WBGene00016635,III,3152722,3153471,+
WBGene00016633,III,3155268,3158393,+
WBGene00020104,III,3166285,3171198,+
WBGene00020103,III,3171592,3174845,+
WBGene00020102,III,3175339,3183498,+
WBGene00020101,III,3183677,3185237,+
WBGene00020100,III,3186700,3192206,+
WBGene00020105,III,3195561,3198407,-
WBGene00006452,III,3198477,3199516,-
WBGene00001494,III,3200795,3219150,-
WBGene00019174,III,3226352,3230652,+
WBGene00021799,III,3233102,3241263,+
WBGene00021800,III,3241717,3248575,-
WBGene00050917,III,3249346,3250538,-
WBGene00021801,III,3251461,3253143,-
WBGene00021804,III,3253969,3255619,-
WBGene00021805,III,3256730,3258395,-
WBGene00021806,III,3259331,3260882,-
WBGene00021807,III,3263682,3266608,-
WBGene00021808,III,3267178,3278710,-
WBGene00021803,III,3271822,3272043,+
WBGene00021814,III,3282308,3290215,+
WBGene00021815,III,3290117,3294330,-
WBGene00021813,III,3294743,3297115,+
WBGene00021812,III,3297454,3302151,+
WBGene00021811,III,3311423,3317713,+
WBGene00021816,III,3317737,3321245,-
WBGene00021810,III,3322962,3331727,+
WBGene00021809,III,3333036,3333957,+
WBGene00001559,III,3344875,3363409,+
WBGene00004183,III,3363668,3370209,-
WBGene00009738,III,3377408,3389970,-
WBGene00008348,III,3389894,3392525,+
WBGene00003372,III,3392514,3393787,-
WBGene00010303,III,3396585,3397675,+
WBGene00010304,III,3397743,3400644,+
WBGene00003795,III,3400644,3404479,-
WBGene00010305,III,3404863,3405469,+
WBGene00010302,III,3405576,3411624,+
WBGene00010306,III,3415552,3425447,+
WBGene00010450,III,3425736,3428094,+
WBGene00010449,III,3428080,3431366,-
WBGene00004976,III,3439023,3444207,-
WBGene00010451,III,3447140,3452613,-
WBGene00219295,III,3453300,3453932,+
WBGene00007920,III,3454345,3455850,+
WBGene00007921,III,3456435,3460106,+
WBGene00007927,III,3460406,3461590,+
WBGene00007922,III,3461703,3467687,+
WBGene00007923,III,3467664,3469827,-
WBGene00007924,III,3472003,3473718,+
WBGene00007928,III,3474019,3475450,-
WBGene00007925,III,3482591,3484843,+
WBGene00007926,III,3484813,3488341,-
WBGene00001639,III,3490363,3493234,-
WBGene00010815,III,3493811,3499057,-
WBGene00010814,III,3499375,3502547,-
WBGene00004428,III,3502841,3503724,-
WBGene00010809,III,3503710,3505355,-
WBGene00010810,III,3505649,3510033,-
WBGene00010812,III,3510237,3511011,+
WBGene00010811,III,3510964,3519607,-
WBGene00010813,III,3521133,3529838,-
WBGene00004451,III,3528547,3528968,+
WBGene00008288,III,3534660,3537496,-
WBGene00000248,III,3537688,3541628,-
WBGene00044166,III,3545740,3546419,-
WBGene00219296,III,3548294,3549004,+
WBGene00008287,III,3549410,3549850,-
WBGene00008286,III,3553649,3556627,+
WBGene00003605,III,3573585,3578771,+
WBGene00008180,III,3578716,3581736,-
WBGene00004213,III,3590734,3611993,+
WBGene00004765,III,3612951,3627142,-
WBGene00007859,III,3627986,3630368,-
WBGene00007860,III,3635876,3643670,+
WBGene00006822,III,3644375,3648822,+
WBGene00008118,III,3648792,3650832,-
WBGene00008117,III,3650905,3652973,+
WBGene00008120,III,3652866,3657602,-
WBGene00008119,III,3657716,3664494,-
WBGene00008121,III,3667022,3670436,-
WBGene00012084,III,3683253,3685808,-
WBGene00000885,III,3697821,3699640,-
WBGene00003962,III,3699740,3701476,-
WBGene00007573,III,3702260,3703172,+
WBGene00007574,III,3703564,3705046,+
WBGene00006474,III,3705265,3706784,+
WBGene00007576,III,3706886,3709225,+
WBGene00007581,III,3709330,3713282,+
WBGene00007577,III,3713463,3718745,+
WBGene00007579,III,3718655,3719722,-
WBGene00184990,III,3724222,3724980,-
WBGene00007580,III,3725075,3726500,-
WBGene00045484,III,3726683,3729570,-
WBGene00009372,III,3729493,3735039,-
WBGene00009377,III,3730775,3731248,+
WBGene00009373,III,3734205,3734851,+
WBGene00009374,III,3736602,3739765,+
WBGene00003033,III,3745461,3747451,+
WBGene00009375,III,3747560,3759412,-
WBGene00008091,III,3760378,3765556,-
WBGene00008092,III,3768500,3770321,+
WBGene00002267,III,3771425,3773394,-
WBGene00000070,III,3774896,3786640,-
WBGene00003476,III,3789982,3800547,-
WBGene00011974,III,3802452,3804438,-
WBGene00006591,III,3804772,3809030,-
WBGene00001086,III,3813519,3819679,-
WBGene00000137,III,3822403,3826261,+
WBGene00011260,III,3826378,3829205,-
WBGene00007970,III,3829830,3830235,-
WBGene00007963,III,3832591,3834522,+
WBGene00007964,III,3835221,3837211,+
WBGene00014697,III,3837551,3839477,-
WBGene00044167,III,3840595,3841154,+
WBGene00007965,III,3841262,3843614,-
WBGene00007966,III,3844893,3848341,+
WBGene00007967,III,3849907,3852076,-
WBGene00000264,III,3853026,3862958,-
WBGene00007969,III,3864036,3867098,+
WBGene00004414,III,3867852,3869587,+
WBGene00006575,III,3869591,3901466,-
WBGene00014202,III,3903114,3907687,-
WBGene00003930,III,3908929,3914149,-
WBGene00014204,III,3916933,3918809,+
WBGene00014203,III,3918871,3920700,+
WBGene00014205,III,3920626,3921711,-
WBGene00014206,III,3922207,3923869,+
WBGene00014207,III,3923792,3926238,-
WBGene00009501,III,3928436,3929233,+
WBGene00009502,III,3929530,3931523,-
WBGene00003748,III,3933577,3935908,-
WBGene00009503,III,3956624,3958161,+
WBGene00011215,III,3960258,3961825,+
WBGene00011214,III,3962731,3964158,-
WBGene00003423,III,3964663,3976391,-
WBGene00012380,III,3984367,3984670,-
WBGene00012379,III,3985565,3986809,-
WBGene00044230,III,3988059,3988575,+
WBGene00007981,III,3989298,3992174,-
WBGene00007980,III,3999286,4004143,-
WBGene00007982,III,4006142,4009960,+
WBGene00007983,III,4012336,4015763,+
WBGene00006537,III,4015769,4017643,-
WBGene00011367,III,4020037,4021867,+
WBGene00011368,III,4022166,4025658,+
WBGene00194692,III,4026568,4028161,-
WBGene00002038,III,4029115,4036840,-
WBGene00004322,III,4052807,4057976,-
WBGene00001943,III,4058272,4058743,-
WBGene00001944,III,4059647,4060172,-
WBGene00006811,III,4066717,4082794,+
WBGene00002202,III,4084003,4086636,-
WBGene00185075,III,4089803,4089937,-
WBGene00007271,III,4090291,4092120,-
WBGene00007269,III,4091126,4093311,+
WBGene00004392,III,4093306,4094921,-
WBGene00007273,III,4096045,4096915,+
WBGene00007270,III,4096896,4098190,-
WBGene00006830,III,4115226,4147255,+
WBGene00007631,III,4147425,4151598,-
WBGene00007630,III,4152054,4152915,+
WBGene00006448,III,4153599,4154650,+
WBGene00007629,III,4155388,4157394,-
WBGene00219299,III,4161237,4161827,+
WBGene00007628,III,4161951,4164171,-
WBGene00004381,III,4164275,4166845,-
WBGene00007627,III,4166944,4168765,-
WBGene00007626,III,4168797,4170949,-
WBGene00007625,III,4171336,4172223,+
WBGene00007624,III,4172337,4176159,-
WBGene00007632,III,4176678,4177578,+
WBGene00007623,III,4177532,4178664,-
WBGene00007622,III,4178783,4181438,-
WBGene00003073,III,4181543,4186825,-
WBGene00011278,III,4188160,4189285,+
WBGene00206525,III,4189380,4190341,-
WBGene00001034,III,4191141,4193427,+
WBGene00006959,III,4193809,4195358,+
WBGene00011279,III,4197285,4202289,+
WBGene00011280,III,4202253,4204269,-
WBGene00011281,III,4204429,4205814,+
WBGene00011282,III,4206253,4208265,+
WBGene00009647,III,4209492,4216724,+
WBGene00003401,III,4216764,4228108,-
WBGene00009649,III,4229141,4230427,+
WBGene00003619,III,4230436,4233219,-
WBGene00023423,III,4241477,4242593,-
WBGene00023422,III,4242672,4243561,-
WBGene00009648,III,4243674,4244385,-
WBGene00012858,III,4244858,4247671,-
WBGene00011604,III,4248155,4263048,-
WBGene00011605,III,4263785,4269270,-
WBGene00011198,III,4269743,4272506,+
WBGene00006331,III,4276266,4280217,-
WBGene00011200,III,4285861,4287472,-
WBGene00003157,III,4288264,4291283,-
WBGene00011201,III,4291543,4293413,-
WBGene00011202,III,4293408,4295142,+
WBGene00011203,III,4295224,4296599,+
WBGene00011206,III,4297239,4301039,-
WBGene00011205,III,4301620,4302393,-
WBGene00001352,III,4303096,4313128,-
WBGene00010428,III,4313927,4317608,+
WBGene00006478,III,4317702,4320341,+
WBGene00044911,III,4320389,4321348,+
WBGene00044912,III,4321748,4322867,+
WBGene00010429,III,4322969,4323466,-
WBGene00001631,III,4324280,4331227,-
WBGene00007135,III,4332996,4340464,+
WBGene00007136,III,4341983,4343336,-
WBGene00007137,III,4343446,4345366,+
WBGene00002003,III,4345339,4350079,+
WBGene00007138,III,4352246,4355888,+
WBGene00007139,III,4356539,4364974,+
WBGene00000511,III,4365285,4367469,+
WBGene00000512,III,4367832,4370160,+
WBGene00000513,III,4370885,4372820,+
WBGene00007131,III,4376503,4379200,+
WBGene00007133,III,4379368,4381041,-
WBGene00007132,III,4381739,4384141,+
WBGene00007134,III,4384787,4387757,+
WBGene00011112,III,4394796,4396617,+
WBGene00011113,III,4397415,4398576,+
WBGene00011114,III,4398763,4400942,+
WBGene00011120,III,4401442,4402505,+
WBGene00011121,III,4402595,4404436,-
WBGene00011111,III,4404786,4406285,+
WBGene00004387,III,4406286,4407326,+
WBGene00011110,III,4407444,4408437,+
WBGene00011109,III,4408551,4412149,+
WBGene00011119,III,4413457,4414748,+
WBGene00011117,III,4414732,4415235,-
WBGene00011116,III,4415520,4418058,-
WBGene00011115,III,4418343,4419167,-
WBGene00000520,III,4419848,4423368,+
WBGene00007791,III,4423711,4429499,-
WBGene00007788,III,4429618,4434399,-
WBGene00007789,III,4434750,4439543,-
WBGene00003590,III,4442081,4444237,+
WBGene00000463,III,4446637,4449943,-
WBGene00003577,III,4462833,4467377,-
WBGene00010155,III,4468878,4470808,+
WBGene00004132,III,4471407,4475150,-
WBGene00004470,III,4475918,4476887,+
WBGene00002100,III,4476888,4477583,-
WBGene00000465,III,4489359,4491392,+
WBGene00000223,III,4491627,4499043,-
WBGene00000380,III,4499191,4508114,-
WBGene00009115,III,4508855,4512162,+
WBGene00000396,III,4520363,4536991,+
WBGene00010904,III,4537277,4540644,-
WBGene00010905,III,4541326,4542452,-
WBGene00010909,III,4542881,4546025,+
WBGene00010906,III,4543587,4545001,-
WBGene00010907,III,4549063,4551567,+
WBGene00010908,III,4553618,4560350,+
WBGene00003915,III,4562738,4566276,+
WBGene00009439,III,4566279,4568144,-
WBGene00009440,III,4567325,4571835,+
WBGene00004762,III,4571753,4578437,-
WBGene00009441,III,4578855,4581696,+
WBGene00009445,III,4581795,4583893,+
WBGene00009442,III,4584583,4586753,+
WBGene00009443,III,4586628,4587330,-
WBGene00004874,III,4587415,4593124,+
WBGene00009444,III,4593176,4593832,+
WBGene00000145,III,4593769,4594426,-
WBGene00000206,III,4594543,4595944,-
WBGene00004760,III,4596134,4612384,-
WBGene00003112,III,4600737,4603052,+
WBGene00008655,III,4616479,4618893,+
WBGene00008654,III,4618853,4643305,-
WBGene00008656,III,4623052,4626158,+
WBGene00008659,III,4628465,4631131,+
WBGene00008660,III,4635330,4637490,+
WBGene00004118,III,4643999,4646346,-
WBGene00011957,III,4646507,4647854,-
WBGene00011953,III,4648591,4653929,+
WBGene00011954,III,4654311,4655502,-
WBGene00011955,III,4658739,4662697,+
WBGene00011956,III,4663185,4665368,-
WBGene00219297,III,4669921,4671591,-
WBGene00005170,III,4672249,4674207,+
WBGene00005168,III,4677766,4679663,+
WBGene00005169,III,4680013,4681562,+
WBGene00044078,III,4686088,4688210,-
WBGene00011407,III,4689280,4692166,+
WBGene00011408,III,4692098,4693303,-
WBGene00011410,III,4694003,4695270,+
WBGene00011409,III,4695361,4698010,+
WBGene00001036,III,4697987,4699453,+
WBGene00011411,III,4699407,4700224,-
WBGene00000543,III,4700325,4704054,-
WBGene00011412,III,4704404,4705404,+
WBGene00007045,III,4705413,4706949,+
WBGene00011414,III,4706978,4708382,+
WBGene00119203,III,4709248,4712547,+
WBGene00011415,III,4712572,4715188,-
WBGene00001259,III,4715293,4720670,-
WBGene00000068,III,4722126,4730919,+
WBGene00008910,III,4731938,4734034,+
WBGene00185014,III,4734356,4736065,+
WBGene00008912,III,4736050,4737258,+
WBGene00004311,III,4737589,4740075,-
WBGene00006661,III,4742968,4744649,+
WBGene00008911,III,4744870,4746025,-
WBGene00000664,III,4748127,4749164,+
WBGene00012146,III,4749794,4750286,+
WBGene00007173,III,4751878,4752370,-
WBGene00004469,III,4752998,4754083,-
WBGene00007167,III,4754432,4757017,+
WBGene00007168,III,4757201,4759728,+
WBGene00007169,III,4759744,4763609,-
WBGene00007170,III,4765833,4776342,+
WBGene00007172,III,4776264,4778065,-
WBGene00044636,III,4778390,4780157,-
WBGene00007171,III,4780130,4781987,-
WBGene00044225,III,4782505,4782805,+
WBGene00008003,III,4783194,4785290,-
WBGene00003210,III,4786080,4792391,+
WBGene00008005,III,4793086,4795423,+
WBGene00008006,III,4796839,4802907,+
WBGene00008008,III,4803007,4804753,+
WBGene00003912,III,4804708,4809489,-
WBGene00008007,III,4810031,4811162,-
WBGene00000193,III,4813309,4814814,-
WBGene00017804,III,4816040,4817078,-
WBGene00017803,III,4818042,4819073,+
WBGene00017805,III,4819328,4819943,-
WBGene00017806,III,4820670,4822226,-
WBGene00017807,III,4825345,4829509,-
WBGene00017802,III,4826906,4828970,+
WBGene00017808,III,4830010,4830349,-
WBGene00270319,III,4837731,4839931,+
WBGene00044603,III,4840187,4841024,+
WBGene00017809,III,4841039,4842273,-
WBGene00017810,III,4843493,4844410,-
WBGene00001437,III,4844662,4846546,+
WBGene00017811,III,4847072,4848967,-
WBGene00017812,III,4849266,4849850,-
WBGene00017801,III,4850507,4851910,+
WBGene00000418,III,4852313,4855177,+
WBGene00016445,III,4855250,4856101,+
WBGene00016444,III,4856193,4859240,+
WBGene00016443,III,4859339,4860772,+
WBGene00016446,III,4860669,4861794,-
WBGene00016442,III,4862351,4863426,+
WBGene00000767,III,4863427,4866949,+
WBGene00016452,III,4867062,4867469,+
WBGene00016447,III,4868333,4868769,-
WBGene00016441,III,4868921,4870106,+
WBGene00016440,III,4870762,4872046,+
WBGene00016448,III,4872501,4874751,-
WBGene00016449,III,4877526,4878311,-
WBGene00000204,III,4878658,4879643,+
WBGene00016439,III,4879745,4881497,+
WBGene00016450,III,4881909,4883606,-
WBGene00016451,III,4885697,4887442,-
WBGene00017827,III,4887921,4891252,-
WBGene00017828,III,4891609,4893409,-
WBGene00003598,III,4894647,4899085,-
WBGene00017826,III,4900073,4903143,+
WBGene00017832,III,4903177,4903884,-
WBGene00005011,III,4903997,4905473,-
WBGene00004400,III,4907217,4908968,+
WBGene00017831,III,4908960,4910038,-
WBGene00017829,III,4910475,4912521,-
WBGene00005012,III,4911226,4911992,+
WBGene00017825,III,4912207,4914133,+
WBGene00004679,III,4914096,4917129,-
WBGene00017830,III,4917104,4918008,-
WBGene00006735,III,4918277,4920319,-
WBGene00016144,III,4920442,4921747,-
WBGene00004782,III,4922446,4930204,-
WBGene00016145,III,4930602,4932253,-
WBGene00016143,III,4932450,4934945,+
WBGene00016142,III,4935578,4937223,+
WBGene00001499,III,4937322,4939453,+
WBGene00016140,III,4939567,4944404,+
WBGene00016139,III,4944513,4947317,+
WBGene00016138,III,4952124,4955171,+
WBGene00016137,III,4956891,4957539,+
WBGene00016166,III,4958329,4960305,-
WBGene00016167,III,4960390,4961715,-
WBGene00043156,III,4961817,4963092,-
WBGene00003558,III,4965571,4979729,+
WBGene00016168,III,4979796,4980418,-
WBGene00016169,III,4980644,4984474,-
WBGene00016171,III,4985019,4986931,-
WBGene00016165,III,4987209,4991450,+
WBGene00016170,III,4991439,4998161,-
WBGene00020095,III,4999379,5001336,+
WBGene00020098,III,5001297,5002331,-
WBGene00020096,III,5003197,5004721,-
WBGene00043060,III,5004820,5006981,-
WBGene00020099,III,5007100,5008830,-
WBGene00020097,III,5008933,5017860,-
WBGene00020094,III,5018645,5021118,+
WBGene00007015,III,5021224,5021910,+
WBGene00020093,III,5022047,5023200,+
WBGene00044648,III,5023264,5024064,+
WBGene00020092,III,5024966,5029540,+
WBGene00220249,III,5029912,5030274,+
WBGene00002218,III,5030929,5036548,+
WBGene00016677,III,5036381,5040413,+
WBGene00016684,III,5042412,5044672,+
WBGene00044409,III,5045009,5045667,+
WBGene00016678,III,5046170,5047161,-
WBGene00016676,III,5048117,5050158,+
WBGene00050919,III,5050107,5052068,-
WBGene00016679,III,5052529,5053341,-
WBGene00016680,III,5054603,5055857,-
WBGene00016681,III,5056847,5061888,-
WBGene00016675,III,5062706,5063862,+
WBGene00016682,III,5063993,5068725,-
WBGene00016674,III,5069001,5070418,+
WBGene00016683,III,5070431,5071597,-
WBGene00016673,III,5074698,5075968,+
WBGene00000107,III,5077765,5080665,+
WBGene00006519,III,5081726,5082995,+
WBGene00000279,III,5083206,5085289,-
WBGene00018802,III,5102991,5106955,+
WBGene00001076,III,5107330,5108497,+
WBGene00004728,III,5109701,5130673,+
WBGene00006543,III,5130923,5136319,-
WBGene00021900,III,5137252,5149578,-
WBGene00021901,III,5151907,5153229,-
WBGene00021899,III,5153406,5155465,+
WBGene00021902,III,5155472,5158774,-
WBGene00044604,III,5158873,5159605,-
WBGene00001744,III,5159729,5163627,-
WBGene00020422,III,5163766,5165311,-
WBGene00006736,III,5165659,5169799,-
WBGene00020423,III,5169933,5172045,-
WBGene00019631,III,5172720,5173338,+
WBGene00019630,III,5173439,5173809,+
WBGene00019629,III,5173922,5180507,+
WBGene00019628,III,5185920,5188646,+
WBGene00189952,III,5188726,5190175,+
WBGene00019627,III,5191131,5196028,+
WBGene00019633,III,5196027,5196709,+
WBGene00001262,III,5196678,5199688,-
WBGene00022531,III,5203713,5206911,-
WBGene00022534,III,5207567,5209557,-
WBGene00022532,III,5211781,5215512,-
WBGene00022533,III,5215949,5217604,-
WBGene00022530,III,5219280,5220093,+
WBGene00003588,III,5225621,5226801,+
WBGene00016411,III,5226818,5227884,-
WBGene00000229,III,5228417,5230536,+
WBGene00016408,III,5230555,5234530,+
WBGene00016412,III,5234617,5236364,+
WBGene00006946,III,5236410,5240055,+
WBGene00000561,III,5240593,5242108,-
WBGene00016409,III,5249075,5254187,-
WBGene00001660,III,5254438,5258922,+
WBGene00001661,III,5259023,5260512,+
WBGene00001662,III,5260693,5263837,+
WBGene00016410,III,5262714,5263399,-
WBGene00001823,III,5263943,5264996,+
WBGene00001740,III,5265113,5267204,+
WBGene00022597,III,5267809,5268581,+
WBGene00022598,III,5268682,5273471,-
WBGene00022596,III,5270261,5271035,+
WBGene00022599,III,5273800,5274787,-
WBGene00006590,III,5275225,5277797,+
WBGene00000536,III,5277894,5279344,+
WBGene00022600,III,5286086,5286305,-
WBGene00020530,III,5288180,5298361,+
WBGene00020531,III,5300008,5301886,-
WBGene00018675,III,5302218,5306324,+
WBGene00003391,III,5308600,5311140,+
WBGene00004095,III,5311246,5321732,+
WBGene00018674,III,5321885,5326345,+
WBGene00018672,III,5326623,5333620,+
WBGene00022664,III,5341682,5344273,+
WBGene00022663,III,5345252,5346117,-
WBGene00021311,III,5345982,5349401,-
WBGene00021317,III,5352841,5353189,-
WBGene00021310,III,5362209,5364372,+
WBGene00000973,III,5364512,5368045,-
WBGene00021312,III,5368967,5371274,-
WBGene00021313,III,5375698,5379929,-
WBGene00021314,III,5380906,5382173,-
WBGene00021315,III,5382288,5385415,-
WBGene00021316,III,5385617,5406037,-
WBGene00020967,III,5406102,5407968,+
WBGene00020966,III,5407888,5413177,+
WBGene00001731,III,5413137,5413993,-
WBGene00001042,III,5415556,5419565,-
WBGene00020970,III,5431407,5440634,-
WBGene00020779,III,5440862,5442761,-
WBGene00018612,III,5443167,5446506,+
WBGene00018613,III,5446510,5448419,-
WBGene00044410,III,5448838,5449868,-
WBGene00003901,III,5450106,5453137,+
WBGene00018611,III,5453590,5459516,+
WBGene00018610,III,5461379,5464382,+
WBGene00018609,III,5464381,5467992,+
WBGene00003055,III,5474478,5478005,+
WBGene00019835,III,5478682,5478924,-
WBGene00019834,III,5479318,5480278,+
WBGene00019836,III,5480262,5483784,-
WBGene00019833,III,5484200,5486005,+
WBGene00019832,III,5487642,5498943,+
WBGene00019837,III,5492925,5495268,-
WBGene00019838,III,5499190,5499976,+
WBGene00019831,III,5501861,5506392,+
WBGene00017032,III,5507050,5508738,-
WBGene00004114,III,5509189,5512602,-
WBGene00017033,III,5512927,5517523,-
WBGene00017029,III,5521719,5522030,-
WBGene00017030,III,5524181,5524439,-
WBGene00017028,III,5526071,5535481,+
WBGene00017031,III,5535660,5543218,-
WBGene00017027,III,5544304,5546287,+
WBGene00017302,III,5546987,5551231,+
WBGene00017303,III,5551232,5552131,-
WBGene00017304,III,5553489,5554934,-
WBGene00017301,III,5555404,5557318,+
WBGene00017300,III,5557344,5564837,+
WBGene00003371,III,5565025,5567382,+
WBGene00017305,III,5568213,5568779,-
WBGene00017299,III,5573994,5576684,+
WBGene00018966,III,5578435,5581343,-
WBGene00018968,III,5581582,5582411,-
WBGene00006731,III,5583135,5584213,+
WBGene00018965,III,5584687,5587110,+
WBGene00018964,III,5587263,5589095,+
WBGene00018967,III,5589036,5591718,-
WBGene00018963,III,5592135,5594785,+
WBGene00000420,III,5595771,5598066,+
WBGene00015470,III,5597947,5600058,-
WBGene00015468,III,5600393,5603656,-
WBGene00001514,III,5604460,5607549,+
WBGene00015469,III,5607509,5610346,-
WBGene00000239,III,5612274,5614700,+
WBGene00015467,III,5614972,5617257,+
WBGene00000900,III,5625014,5632322,+
WBGene00000518,III,5635479,5654558,+
WBGene00018828,III,5654984,5656994,-
WBGene00018829,III,5659889,5661085,-
WBGene00003918,III,5664234,5676732,+
WBGene00018831,III,5676612,5677890,-
WBGene00018830,III,5677953,5679038,-
WBGene00004481,III,5679298,5680187,+
WBGene00018827,III,5680433,5682326,+
WBGene00004321,III,5682310,5684098,-
WBGene00015146,III,5690107,5692740,-
WBGene00015145,III,5692896,5693938,+
WBGene00015150,III,5694036,5694784,+
WBGene00015147,III,5694735,5697366,-
WBGene00002982,III,5697477,5698013,-
WBGene00004348,III,5698430,5702304,+
WBGene00006359,III,5702248,5705464,-
WBGene00004435,III,5705521,5706129,-
WBGene00015148,III,5706718,5709329,-
WBGene00015149,III,5710062,5710509,-
WBGene00015143,III,5711548,5714846,+
WBGene00000182,III,5714861,5717585,+
WBGene00006943,III,5722824,5727115,+
WBGene00015083,III,5728180,5730159,+
WBGene00015084,III,5730118,5731030,-
WBGene00015082,III,5731501,5733177,+
WBGene00271715,III,5733225,5735102,+
WBGene00015085,III,5735193,5737481,+
WBGene00015081,III,5738008,5740471,+
WBGene00271577,III,5740966,5742822,+
WBGene00206513,III,5743384,5744820,+
WBGene00015080,III,5744870,5747195,+
WBGene00015079,III,5747485,5751637,+
WBGene00002048,III,5755496,5765815,+
WBGene00015086,III,5767882,5768665,+
WBGene00021343,III,5770185,5774703,+
WBGene00021344,III,5774679,5790707,-
WBGene00021345,III,5784414,5785134,-
WBGene00020964,III,5791171,5803042,-
WBGene00000435,III,5799073,5801109,+
WBGene00001869,III,5803260,5805112,+
WBGene00020019,III,5805563,5806975,+
WBGene00020018,III,5807052,5809206,+
WBGene00020021,III,5815045,5815513,+
WBGene00004858,III,5816203,5820200,+
WBGene00044411,III,5823957,5828651,+
WBGene00007016,III,5828603,5833745,-
WBGene00020020,III,5834022,5835756,-
WBGene00021029,III,5836926,5837183,+
WBGene00017162,III,5848838,5853269,-
WBGene00000381,III,5853532,5855687,-
WBGene00000115,III,5856018,5859186,+
WBGene00001057,III,5859308,5861907,+
WBGene00017163,III,5861855,5863546,-
WBGene00017161,III,5864500,5866541,+
WBGene00017164,III,5866495,5868501,-
WBGene00017169,III,5868587,5869620,-
WBGene00017165,III,5869685,5872396,-
WBGene00017160,III,5873025,5874680,+
WBGene00017166,III,5874672,5876625,-
WBGene00003252,III,5877020,5878419,-
WBGene00017159,III,5878521,5879415,+
WBGene00017158,III,5879489,5882428,+
WBGene00017168,III,5882319,5882923,-
WBGene00016196,III,5884307,5885848,+
WBGene00016198,III,5885847,5886956,-
WBGene00016199,III,5887104,5888775,-
WBGene00016197,III,5889721,5896013,-
WBGene00016200,III,5903576,5906122,-
WBGene00016195,III,5907044,5908457,+
WBGene00016194,III,5908700,5914734,+
WBGene00016201,III,5917628,5920086,-
WBGene00016193,III,5923187,5924431,+
WBGene00001018,III,5924394,5925754,-
WBGene00016192,III,5926086,5926987,+
WBGene00006987,III,5926898,5932953,-
WBGene00017146,III,5935749,5937220,-
WBGene00006727,III,5940244,5943835,+
WBGene00017776,III,5943833,5946124,-
WBGene00017777,III,5946217,5948711,-
WBGene00017775,III,5948890,5953534,+
WBGene00017778,III,5953526,5958246,-
WBGene00017774,III,5958722,5962322,+
WBGene00017773,III,5966413,5971510,+
WBGene00003375,III,5971530,5973664,-
WBGene00001489,III,5976781,5982126,-
WBGene00020211,III,5985640,5985858,+
WBGene00020210,III,5991880,5992230,+
WBGene00020209,III,5993219,6006360,+
WBGene00022694,III,6006344,6009084,-
WBGene00001166,III,6009550,6012839,+
WBGene00003796,III,6013536,6019562,-
WBGene00000874,III,6020165,6024659,+
WBGene00006544,III,6025090,6028532,-
WBGene00022695,III,6028790,6030583,-
WBGene00022696,III,6032696,6039475,-
WBGene00018254,III,6040334,6045125,+
WBGene00006547,III,6045771,6046981,-
WBGene00018255,III,6049316,6055448,-
WBGene00018253,III,6057055,6058444,+
WBGene00015478,III,6067857,6072076,+
WBGene00015477,III,6080563,6084748,+
WBGene00015479,III,6084665,6087721,-
WBGene00015480,III,6088684,6102862,-
WBGene00020549,III,6114482,6116331,-
WBGene00002201,III,6118627,6124055,+
WBGene00021534,III,6124184,6136276,-
WBGene00021535,III,6142123,6149590,-
WBGene00021533,III,6146214,6148066,+
WBGene00021532,III,6148145,6149047,+
WBGene00021531,III,6149961,6154933,+
WBGene00018340,III,6154844,6157758,-
WBGene00003593,III,6159842,6164588,+
WBGene00023489,III,6164645,6171165,+
WBGene00001160,III,6164909,6168547,-
WBGene00018341,III,6171147,6172800,-
WBGene00018339,III,6173305,6176171,+
WBGene00018342,III,6176148,6176861,-
WBGene00018343,III,6177916,6178686,-
WBGene00003546,III,6181078,6183218,-
WBGene00016012,III,6191110,6192081,+
WBGene00016013,III,6192116,6194580,-
WBGene00016014,III,6195984,6198414,-
WBGene00004459,III,6198902,6202594,+
WBGene00016015,III,6202619,6206211,-
WBGene00004472,III,6206803,6207971,+
WBGene00016011,III,6208064,6209140,+
WBGene00016010,III,6209284,6212904,+
WBGene00016016,III,6213112,6213923,-
WBGene00016017,III,6215164,6215576,-
WBGene00001989,III,6220537,6224451,+
WBGene00020443,III,6224491,6229403,-
WBGene00020439,III,6233718,6239336,-
WBGene00020438,III,6240775,6241581,+
WBGene00020440,III,6241850,6244383,-
WBGene00020441,III,6244672,6246039,-
WBGene00020442,III,6245932,6248234,-
WBGene00020437,III,6248317,6251607,+
WBGene00020436,III,6251811,6271282,+
WBGene00005166,III,6253553,6254837,-
WBGene00005167,III,6255459,6256775,-
WBGene00005159,III,6256948,6258362,-
WBGene00005160,III,6258590,6260215,-
WBGene00005162,III,6260216,6262085,-
WBGene00005163,III,6262509,6263862,-
WBGene00005164,III,6264460,6266011,-
WBGene00005165,III,6266510,6268159,-
WBGene00005161,III,6269081,6270377,-
WBGene00015979,III,6271561,6272959,+
WBGene00015977,III,6273160,6276016,+
WBGene00015978,III,6276048,6278351,-
WBGene00001972,III,6280380,6282411,+
WBGene00018561,III,6282444,6286231,-
WBGene00018562,III,6286629,6287293,-
WBGene00018563,III,6293247,6296022,-
WBGene00018560,III,6298461,6299338,+
WBGene00018564,III,6299331,6303217,-
WBGene00001518,III,6309378,6320872,+
WBGene00016980,III,6321176,6324239,-
WBGene00016979,III,6331732,6335829,+
WBGene00002891,III,6338508,6340228,-
WBGene00016981,III,6340115,6341925,-
WBGene00016982,III,6342481,6343287,-
WBGene00016978,III,6346285,6348121,+
WBGene00016977,III,6353384,6366660,+
WBGene00016983,III,6366582,6367899,-
WBGene00015813,III,6368042,6373904,+
WBGene00004482,III,6374048,6374997,-
WBGene00007048,III,6375379,6379190,+
WBGene00015811,III,6379449,6380671,+
WBGene00015810,III,6380695,6381517,+
WBGene00015809,III,6381634,6383024,+
WBGene00002850,III,6383552,6389401,+
WBGene00015807,III,6389833,6390841,+
WBGene00015806,III,6390946,6393843,+
WBGene00015814,III,6394223,6396182,-
WBGene00002881,III,6407129,6410018,+
WBGene00015483,III,6410033,6412014,-
WBGene00003523,III,6411816,6414993,-
WBGene00015484,III,6415774,6421885,-
WBGene00015485,III,6422459,6427305,-
WBGene00015486,III,6427529,6430934,-
WBGene00015487,III,6431153,6431792,-
WBGene00006515,III,6432178,6433145,+
WBGene00006516,III,6433239,6436502,+
WBGene00015481,III,6436608,6439959,+
WBGene00003214,III,6440145,6443000,-
WBGene00015488,III,6443044,6444079,-
WBGene00002855,III,6444693,6446943,-
WBGene00020822,III,6448075,6450696,-
WBGene00004781,III,6450792,6452372,-
WBGene00020821,III,6454483,6460014,+
WBGene00020820,III,6460120,6462222,+
WBGene00020823,III,6462216,6462856,-
WBGene00001005,III,6462907,6463801,-
WBGene00006463,III,6465157,6467208,+
WBGene00020819,III,6467382,6471510,+
WBGene00007060,III,6471720,6475246,+
WBGene00017755,III,6478961,6481226,+
WBGene00017754,III,6483218,6488875,+
WBGene00004503,III,6489793,6491282,+
WBGene00005076,III,6491368,6492907,-
WBGene00044455,III,6495677,6498198,+
WBGene00017752,III,6498476,6500023,+
WBGene00017751,III,6500514,6507717,+
WBGene00017756,III,6508132,6509499,+
WBGene00000044,III,6509699,6514768,-
WBGene00044295,III,6518714,6520049,-
WBGene00003859,III,6524051,6525660,-
WBGene00004102,III,6528202,6532088,+
WBGene00015637,III,6532560,6533819,+
WBGene00015638,III,6534467,6536995,-
WBGene00015639,III,6538101,6541312,-
WBGene00015641,III,6546723,6551242,-
WBGene00015642,III,6553575,6558575,-
WBGene00017848,III,6577827,6578584,-
WBGene00044454,III,6579698,6579877,+
WBGene00000060,III,6583461,6585617,+
WBGene00017648,III,6587864,6589398,+
WBGene00017646,III,6589377,6592175,-
WBGene00002889,III,6592567,6601171,-
WBGene00003162,III,6606247,6608106,-
WBGene00017647,III,6608622,6610455,+
WBGene00005263,III,6610822,6612263,+
WBGene00021503,III,6612516,6615134,+
WBGene00021502,III,6615414,6620051,+
WBGene00015733,III,6620254,6622265,+
WBGene00015734,III,6622676,6624972,-
WBGene00015735,III,6632841,6652083,-
WBGene00019714,III,6664960,6665374,-
WBGene00004316,III,6675801,6703974,+
WBGene00002169,III,6703993,6710084,-
WBGene00018136,III,6705815,6707198,+
WBGene00018135,III,6711869,6713191,+
WBGene00018134,III,6713583,6718022,+
WBGene00018133,III,6718570,6720487,+
WBGene00018137,III,6720415,6722258,-
WBGene00018132,III,6722454,6723284,+
WBGene00018131,III,6723389,6725711,+
WBGene00022420,III,6725789,6728058,+
WBGene00044452,III,6728155,6730170,-
WBGene00003851,III,6730781,6733935,+
WBGene00022421,III,6733992,6734520,-
WBGene00044453,III,6735968,6736642,-
WBGene00019501,III,6737271,6737783,+
WBGene00000998,III,6746308,6794764,+
WBGene00019907,III,6795626,6797774,+
WBGene00019908,III,6798299,6800489,+
WBGene00017904,III,6802788,6816132,+
WBGene00043297,III,6816643,6816880,-
WBGene00017905,III,6817316,6819372,-
WBGene00006498,III,6820935,6847283,+
WBGene00020066,III,6847390,6849055,-
WBGene00005712,III,6851254,6853130,+
WBGene00006971,III,6853113,6856804,-
WBGene00020067,III,6858793,6859571,-
WBGene00004857,III,6860939,6863968,-
WBGene00020068,III,6865207,6869460,-
WBGene00020064,III,6869634,6870298,+
WBGene00044312,III,6870296,6871171,+
WBGene00019381,III,6873048,6873729,+
WBGene00044311,III,6880947,6883853,+
WBGene00003181,III,6884503,6885027,+
WBGene00000265,III,6885204,6889523,-
WBGene00019380,III,6889749,6895089,+
WBGene00019382,III,6890991,6891812,-
WBGene00020315,III,6898016,6900605,+
WBGene00020316,III,6900568,6903106,-
WBGene00020314,III,6903895,6905170,+
WBGene00020313,III,6907441,6908012,+
WBGene00020317,III,6909438,6912481,-
WBGene00018998,III,6924097,6928817,-
WBGene00002083,III,6930039,6931953,+
WBGene00000276,III,6932001,6935862,+
WBGene00018999,III,6933661,6935334,-
WBGene00000762,III,6935967,6939443,+
WBGene00018997,III,6939888,6941736,+
WBGene00004133,III,6941889,6945895,-
WBGene00002845,III,6946718,6958882,+
WBGene00004462,III,6959110,6962027,-
WBGene00018996,III,6962090,6963319,+
WBGene00017951,III,6963620,6968130,-
WBGene00219317,III,6969543,6970019,+
WBGene00001168,III,6970026,6972003,-
WBGene00004340,III,6972210,6973717,+
WBGene00017950,III,6974338,6978025,+
WBGene00000443,III,6979884,6981785,+
WBGene00017952,III,6982437,6983062,+
WBGene00004182,III,6990168,7002310,+
WBGene00015544,III,7002301,7005450,-
WBGene00017389,III,7009136,7019574,+
WBGene00000597,III,7019583,7020600,-
WBGene00004341,III,7021167,7023652,+
WBGene00000872,III,7023642,7029203,-
WBGene00023414,III,7035432,7045724,-
WBGene00019810,III,7056541,7058526,+
WBGene00019811,III,7058516,7060597,-
WBGene00019812,III,7061111,7064275,-
WBGene00019809,III,7062880,7063194,+
WBGene00019813,III,7065439,7067477,-
WBGene00006713,III,7067686,7068570,-
WBGene00045190,III,7069103,7069580,+
WBGene00022733,III,7070281,7070885,+
WBGene00003022,III,7070800,7072552,-
WBGene00022734,III,7072613,7073851,-
WBGene00220259,III,7074250,7076349,-
WBGene00022735,III,7076572,7078837,-
WBGene00022736,III,7079077,7080789,-
WBGene00022737,III,7083684,7085088,-
WBGene00022738,III,7085197,7087741,-
WBGene00044353,III,7088644,7090132,-
WBGene00022732,III,7091330,7093408,+
WBGene00003608,III,7095553,7097079,+
WBGene00044354,III,7100482,7102033,+
WBGene00015102,III,7102086,7103990,-
WBGene00003845,III,7108322,7109741,+
WBGene00015103,III,7110302,7111893,-
WBGene00003609,III,7112300,7115438,-
WBGene00015104,III,7120905,7122895,-
WBGene00015101,III,7123128,7124329,+
WBGene00015100,III,7124664,7128382,+
WBGene00015107,III,7128901,7132051,+
WBGene00015105,III,7132038,7133674,-
WBGene00015099,III,7133766,7136460,+
WBGene00044674,III,7135024,7136149,-
WBGene00015106,III,7136510,7138278,-
WBGene00001613,III,7138683,7144832,-
WBGene00003858,III,7145816,7153795,-
WBGene00019401,III,7156032,7158809,-
WBGene00004390,III,7158912,7161157,-
WBGene00019402,III,7161157,7162115,-
WBGene00019400,III,7162694,7165261,+
WBGene00018152,III,7167838,7170990,+
WBGene00005073,III,7171857,7173590,+
WBGene00005072,III,7177530,7178853,+
WBGene00004483,III,7178984,7179606,-
WBGene00004450,III,7180249,7180677,+
WBGene00018151,III,7180730,7181925,+
WBGene00018150,III,7181970,7184049,+
WBGene00018149,III,7184348,7187868,+
WBGene00018155,III,7185037,7185573,-
WBGene00018153,III,7187841,7188430,-
WBGene00194742,III,7188357,7188971,+
WBGene00004490,III,7189142,7189631,-
WBGene00003176,III,7190207,7192992,-
WBGene00044005,III,7194094,7195425,-
WBGene00018154,III,7196225,7232172,-
WBGene00020112,III,7198151,7198884,-
WBGene00006592,III,7202661,7207664,+
WBGene00004417,III,7208432,7209863,+
WBGene00020107,III,7209967,7215226,+
WBGene00020106,III,7216526,7221186,+
WBGene00020109,III,7221741,7223129,-
WBGene00020110,III,7223233,7226924,-
WBGene00020111,III,7226820,7229787,-
WBGene00020113,III,7230055,7230941,-
WBGene00000080,III,7230964,7232882,-
WBGene00020636,III,7232926,7234202,-
WBGene00004189,III,7238607,7241284,+
WBGene00020635,III,7241365,7242950,+
WBGene00003890,III,7243305,7245743,+
WBGene00020646,III,7245703,7247937,-
WBGene00015158,III,7259012,7268263,+
WBGene00015159,III,7268414,7275396,-
WBGene00015160,III,7275502,7277274,-
WBGene00015165,III,7277604,7281217,+
WBGene00015157,III,7281377,7283959,+
WBGene00015161,III,7283915,7285883,-
WBGene00015164,III,7285983,7287603,-
WBGene00015162,III,7287848,7290562,-
WBGene00015156,III,7293632,7308364,+
WBGene00015163,III,7298348,7299643,-
WBGene00018949,III,7308354,7308975,-
WBGene00018950,III,7308998,7310773,-
WBGene00018948,III,7311290,7313195,+
WBGene00018951,III,7313149,7314977,-
WBGene00018952,III,7315903,7319595,-
WBGene00018954,III,7324940,7329649,-
WBGene00018953,III,7329714,7335316,-
WBGene00001748,III,7336587,7338765,+
WBGene00002182,III,7339001,7343626,+
WBGene00017271,III,7343675,7345855,+
WBGene00017272,III,7345861,7347149,-
WBGene00017273,III,7347237,7349175,-
WBGene00017274,III,7349291,7354090,-
WBGene00017275,III,7354159,7357395,-
WBGene00017269,III,7357663,7359183,-
WBGene00017268,III,7359498,7362132,+
WBGene00017270,III,7362619,7363464,-
WBGene00017267,III,7364385,7365230,+
WBGene00269381,III,7365902,7366448,+
WBGene00020603,III,7366717,7367112,-
WBGene00020602,III,7367710,7369538,+
WBGene00003378,III,7370131,7374731,-
WBGene00020604,III,7377854,7379045,-
WBGene00001974,III,7379143,7381609,-
WBGene00020601,III,7382115,7383906,+
WBGene00006542,III,7384033,7386132,+
WBGene00020600,III,7386229,7391135,+
WBGene00020605,III,7391482,7395454,-
WBGene00000118,III,7454012,7455980,+
WBGene00022102,III,7456734,7458544,+
WBGene00044451,III,7458815,7459031,-
WBGene00044450,III,7459258,7459493,+
WBGene00003376,III,7460341,7461931,+
WBGene00044449,III,7462267,7462466,-
WBGene00019196,III,7463797,7465238,+
WBGene00001503,III,7465605,7467633,+
WBGene00019197,III,7467574,7468676,-
WBGene00003497,III,7479680,7489075,-
WBGene00000479,III,7495320,7497832,-
WBGene00015582,III,7498819,7499447,-
WBGene00015581,III,7499677,7503241,+
WBGene00015580,III,7508178,7515285,+
WBGene00000537,III,7515223,7518524,-
WBGene00000854,III,7518628,7520845,-
WBGene00002986,III,7521004,7524836,+
WBGene00015579,III,7521004,7521438,+
WBGene00003024,III,7528641,7536632,-
WBGene00000437,III,7555617,7558208,+
WBGene00020048,III,7562172,7564529,+
WBGene00020049,III,7564500,7565347,-
WBGene00020047,III,7566411,7567486,+
WBGene00020050,III,7567475,7570133,-
WBGene00004420,III,7572105,7572831,-
WBGene00003063,III,7573350,7575263,+
WBGene00020051,III,7575274,7579411,-
WBGene00020052,III,7582033,7582999,-
WBGene00000846,III,7584181,7591570,+
WBGene00194726,III,7586790,7588212,-
WBGene00020053,III,7591570,7593337,-
WBGene00020202,III,7605949,7608290,-
WBGene00194734,III,7608570,7609268,-
WBGene00020201,III,7614862,7615699,+
WBGene00020200,III,7616528,7617590,+
WBGene00022816,III,7625376,7641053,+
WBGene00022817,III,7641034,7643101,-
WBGene00044448,III,7648788,7650005,+
WBGene00001470,III,7650549,7656032,-
WBGene00194729,III,7656719,7657171,+
WBGene00015988,III,7662428,7672153,+
WBGene00015992,III,7689356,7694398,-
WBGene00003002,III,7700338,7709491,-
WBGene00015386,III,7712309,7717314,+
WBGene00015385,III,7716166,7716446,+
WBGene00003559,III,7719791,7738105,+
WBGene00022660,III,7729709,7730011,-
WBGene00022661,III,7738085,7739656,-
WBGene00022662,III,7739855,7740541,-
WBGene00000395,III,7741326,7754448,-
WBGene00003956,III,7758730,7761273,+
WBGene00022516,III,7761977,7763603,-
WBGene00022792,III,7763698,7766052,-
WBGene00022795,III,7766389,7767515,-
WBGene00022793,III,7767571,7769063,-
WBGene00022794,III,7769165,7770149,-
WBGene00044799,III,7771591,7772559,-
WBGene00022791,III,7773134,7773849,+
WBGene00015590,III,7774778,7776039,-
WBGene00003102,III,7776835,7783454,-
WBGene00015591,III,7793446,7795409,-
WBGene00001174,III,7814380,7817127,+
WBGene00001209,III,7824377,7828626,-
WBGene00022785,III,7829411,7832503,+
WBGene00000446,III,7839594,7841491,+
WBGene00022786,III,7842381,7843636,-
WBGene00004449,III,7855118,7855680,+
WBGene00022787,III,7855840,7857242,-
WBGene00000765,III,7857315,7858457,-
WBGene00044324,III,7858979,7859512,+
WBGene00022783,III,7859613,7860159,+
WBGene00000835,III,7860466,7861004,-
WBGene00004918,III,7862070,7862577,+
WBGene00015333,III,7862583,7865306,-
WBGene00000845,III,7866509,7868732,+
WBGene00015332,III,7873781,7877194,+
WBGene00015334,III,7877176,7878839,-
WBGene00022803,III,7881113,7883003,-
WBGene00044762,III,7883574,7884963,-
WBGene00022800,III,7885088,7891615,-
WBGene00022798,III,7892256,7894625,+
WBGene00022799,III,7895024,7895270,+
WBGene00044447,III,7895752,7897025,-
WBGene00022797,III,7901033,7904473,+
WBGene00022801,III,7904945,7907843,-
WBGene00022796,III,7909563,7910758,+
WBGene00022802,III,7910798,7911630,-
WBGene00044763,III,7912698,7913600,-
WBGene00001628,III,7914314,7917767,-
WBGene00016203,III,7917987,7924917,-
WBGene00044634,III,7920123,7921059,+
WBGene00194730,III,7922538,7922983,+
WBGene00043051,III,7926999,7928734,-
WBGene00003801,III,7929013,7932993,+
WBGene00004303,III,7933535,7937708,+
WBGene00016207,III,7937827,7940931,+
WBGene00016209,III,7941057,7941614,+
WBGene00016202,III,7941717,7945593,+
WBGene00016204,III,7945544,7947018,-
WBGene00000665,III,7948838,7950068,+
WBGene00002879,III,7949975,7951915,-
WBGene00045246,III,7952623,7955816,+
WBGene00016206,III,7955828,7956712,-
WBGene00016208,III,7957099,7958114,-
WBGene00018844,III,7961596,7962741,-
WBGene00018842,III,7964581,7965840,+
WBGene00045247,III,7966601,7969221,-
WBGene00044633,III,7969319,7970283,+
WBGene00018845,III,7970263,7972161,-
WBGene00018846,III,7972382,7973386,-
WBGene00000041,III,7973717,7977355,+
WBGene00015558,III,7977216,7977803,-
WBGene00000542,III,7980913,7986327,+
WBGene00015557,III,7987121,7990613,+
WBGene00015559,III,7990789,7996438,-
WBGene00044446,III,8004397,8005887,+
WBGene00000507,III,8005935,8009821,-
WBGene00000508,III,8010778,8013774,+
WBGene00018408,III,8013753,8016538,-
WBGene00003021,III,8016648,8020873,-
WBGene00018407,III,8022463,8025195,+
WBGene00004125,III,8025210,8028042,-
WBGene00018409,III,8028133,8029649,-
WBGene00018410,III,8029858,8031063,-
WBGene00018411,III,8031413,8033727,-
WBGene00001059,III,8038241,8041374,+
WBGene00019681,III,8042577,8042875,-
WBGene00019680,III,8044481,8044916,+
WBGene00019679,III,8045017,8045931,+
WBGene00019678,III,8046034,8047612,+
WBGene00019677,III,8047712,8048461,+
WBGene00019682,III,8048424,8051155,-
WBGene00000448,III,8067289,8071455,+
WBGene00000939,III,8071916,8080281,-
WBGene00000143,III,8080570,8083701,+
WBGene00019458,III,8083692,8085538,-
WBGene00001743,III,8085705,8088449,+
WBGene00019457,III,8088482,8091730,+
WBGene00019460,III,8091708,8093042,+
WBGene00019456,III,8093570,8096311,+
WBGene00019459,III,8096736,8098216,-
WBGene00019455,III,8099327,8100638,+
WBGene00004042,III,8101348,8104076,+
WBGene00015753,III,8108703,8111245,+
WBGene00001565,III,8111166,8126222,-
WBGene00004433,III,8129551,8130227,-
WBGene00015755,III,8130852,8132436,+
WBGene00015752,III,8133665,8136649,+
WBGene00002011,III,8138090,8139645,+
WBGene00015754,III,8139610,8144629,-
WBGene00017044,III,8145015,8145974,+
WBGene00017042,III,8148967,8154619,+
WBGene00017041,III,8155470,8155989,+
WBGene00017045,III,8155928,8158245,-
WBGene00086546,III,8159155,8161338,-
WBGene00016803,III,8161449,8163383,-
WBGene00004187,III,8164373,8172702,+
WBGene00016804,III,8176484,8177243,+
WBGene00016801,III,8179224,8180549,+
WBGene00016800,III,8181881,8189372,+
WBGene00220258,III,8190805,8191275,+
WBGene00016799,III,8191817,8193847,+
WBGene00006772,III,8193844,8201206,-
WBGene00004899,III,8203091,8205114,+
WBGene00016242,III,8205124,8209945,-
WBGene00006818,III,8212750,8216336,-
WBGene00206533,III,8218219,8219342,+
WBGene00016239,III,8222226,8223792,+
WBGene00016238,III,8225097,8226386,+
WBGene00004342,III,8226478,8227650,+
WBGene00015350,III,8227362,8232660,+
WBGene00015349,III,8232651,8234591,+
WBGene00044445,III,8234526,8235543,-
WBGene00015348,III,8236126,8236908,+
WBGene00006628,III,8236984,8237881,-
WBGene00006627,III,8237995,8239423,-
WBGene00015352,III,8240872,8243029,-
WBGene00003952,III,8243122,8244092,-
WBGene00015347,III,8244445,8245794,+
WBGene00015346,III,8245891,8247258,+
WBGene00015353,III,8247351,8248814,+
WBGene00015351,III,8248685,8249512,-
WBGene00015345,III,8249619,8250193,+
WBGene00002231,III,8250636,8254286,+
WBGene00017320,III,8254975,8257638,+
WBGene00003562,III,8258345,8265805,+
WBGene00000666,III,8262355,8263664,-
WBGene00017319,III,8266062,8267841,+
WBGene00017321,III,8267921,8268355,-
WBGene00007056,III,8268609,8270680,+
WBGene00017323,III,8270790,8271776,-
WBGene00044444,III,8270790,8272175,-
WBGene00017322,III,8272960,8275971,-
WBGene00003243,III,8279108,8305832,+
WBGene00017358,III,8305733,8326818,-
WBGene00017357,III,8307592,8308448,+
WBGene00017356,III,8308538,8309806,+
WBGene00017355,III,8311007,8312585,+
WBGene00017354,III,8312719,8314286,+
WBGene00004726,III,8314349,8318588,-
WBGene00017360,III,8318683,8319260,-
WBGene00017359,III,8319610,8320283,-
WBGene00017353,III,8323187,8324502,+
WBGene00017361,III,8324637,8325609,+
WBGene00022580,III,8326516,8330947,-
WBGene00022583,III,8331047,8331919,-
WBGene00022579,III,8332223,8333572,+
WBGene00022581,III,8333663,8334233,-
WBGene00044801,III,8337504,8338631,-
WBGene00206468,III,8338993,8339727,-
WBGene00022578,III,8340797,8341743,+
WBGene00022582,III,8342224,8342610,-
WBGene00043948,III,8343771,8344336,-
WBGene00044802,III,8345699,8346826,-
WBGene00206477,III,8347188,8347922,-
WBGene00019879,III,8349121,8349938,+
WBGene00019880,III,8350419,8350805,-
WBGene00006840,III,8351249,8355174,-
WBGene00019881,III,8356887,8358844,-
WBGene00007008,III,8358625,8362496,+
WBGene00019882,III,8362408,8368848,-
WBGene00019878,III,8364078,8366538,+
WBGene00019877,III,8372255,8375175,+
WBGene00019883,III,8375300,8380833,+
WBGene00019884,III,8380943,8387529,+
WBGene00022700,III,8388466,8389639,-
WBGene00044677,III,8389882,8394424,-
WBGene00022699,III,8395985,8396727,+
WBGene00022698,III,8398711,8399240,+
WBGene00002249,III,8399190,8401928,-
WBGene00022702,III,8402049,8403607,-
WBGene00022703,III,8403715,8405562,-
WBGene00022697,III,8405874,8409406,+
WBGene00022704,III,8409496,8412017,+
WBGene00023405,III,8416227,8422650,+
WBGene00000414,III,8426334,8428583,+
WBGene00022862,III,8429307,8431586,+
WBGene00022864,III,8431552,8432214,-
WBGene00044588,III,8432469,8435174,-
WBGene00004175,III,8438061,8439412,-
WBGene00022865,III,8439468,8443607,-
WBGene00016250,III,8443917,8446920,-
WBGene00004460,III,8447353,8449346,+
WBGene00016249,III,8449757,8450519,+
WBGene00018369,III,8467035,8478377,+
WBGene00018370,III,8478382,8480455,-
WBGene00018367,III,8484153,8488365,+
WBGene00018371,III,8488344,8490347,-
WBGene00018366,III,8490624,8491097,+
WBGene00015418,III,8493878,8518879,+
WBGene00022507,III,8518904,8519945,-
WBGene00022505,III,8525073,8528650,+
WBGene00044443,III,8530077,8531123,+
WBGene00006614,III,8535131,8542748,+
WBGene00022506,III,8542952,8545608,-
WBGene00043097,III,8552555,8553839,+
WBGene00015337,III,8554772,8555821,+
WBGene00015336,III,8557335,8559194,+
WBGene00015335,III,8561136,8563026,+
WBGene00015519,III,8581102,8583928,+
WBGene00001612,III,8584186,8588642,-
WBGene00015520,III,8589336,8589488,-
WBGene00015521,III,8590833,8590982,-
WBGene00015522,III,8591239,8593720,-
WBGene00015523,III,8595339,8597870,-
WBGene00015518,III,8605832,8606622,+
WBGene00015524,III,8606504,8609783,-
WBGene00015525,III,8609882,8614569,-
WBGene00015526,III,8614762,8616381,-
WBGene00015747,III,8616781,8626917,-
WBGene00000439,III,8622658,8626312,+
WBGene00017696,III,8626291,8628571,-
WBGene00001688,III,8628926,8630776,+
WBGene00001028,III,8631165,8633549,+
WBGene00006662,III,8634078,8643739,-
WBGene00017695,III,8639791,8640093,+
WBGene00017694,III,8648889,8649477,+
WBGene00017693,III,8650764,8652190,+
WBGene00017698,III,8652578,8653925,-
WBGene00001078,III,8659872,8667482,-
WBGene00017692,III,8665338,8666880,+
WBGene00003993,III,8670543,8675051,-
WBGene00001443,III,8675297,8683732,-
WBGene00015124,III,8684808,8686481,+
WBGene00015125,III,8686118,8688457,-
WBGene00015126,III,8689850,8693473,+
WBGene00015128,III,8693638,8699497,+
WBGene00015129,III,8699481,8700333,-
WBGene00015130,III,8700927,8703341,+
WBGene00015131,III,8703300,8710410,-
WBGene00044678,III,8705109,8706345,+
WBGene00015132,III,8713993,8716184,-
WBGene00015133,III,8717644,8718567,+
WBGene00022717,III,8720201,8725334,+
WBGene00022718,III,8725323,8731373,-
WBGene00022719,III,8737686,8741412,-
WBGene00022720,III,8742007,8743842,-
WBGene00022721,III,8746216,8748701,-
WBGene00004856,III,8749763,8757069,+
WBGene00022722,III,8752091,8754750,-
WBGene00019801,III,8756995,8761101,-
WBGene00003253,III,8763291,8767342,-
WBGene00019800,III,8768311,8769252,+
WBGene00019301,III,8769502,8776141,+
WBGene00019302,III,8770756,8771225,-
WBGene00019303,III,8771334,8771951,-
WBGene00019305,III,8776183,8777895,+
WBGene00019304,III,8777890,8780012,-
WBGene00219329,III,8786354,8787128,+
WBGene00018833,III,8787092,8792346,-
WBGene00269391,III,8791579,8792245,+
WBGene00006975,III,8792847,8806305,+
WBGene00018834,III,8800486,8800701,-
WBGene00018835,III,8806231,8807346,-
WBGene00004201,III,8807482,8809329,-
WBGene00003929,III,8818899,8825270,+
WBGene00018836,III,8825243,8827228,-
WBGene00018417,III,8827358,8829305,-
WBGene00018423,III,8829493,8831109,-
WBGene00018418,III,8832479,8838424,-
WBGene00018419,III,8844494,8845214,-
WBGene00018420,III,8845856,8848486,-
WBGene00018421,III,8848582,8849877,-
WBGene00018422,III,8849994,8850532,-
WBGene00010475,III,8870099,8877128,-
WBGene00014021,III,8882707,8885482,-
WBGene00014022,III,8887751,8890143,+
WBGene00014031,III,8888198,8889156,-
WBGene00014023,III,8890231,8894208,+
WBGene00014024,III,8894209,8894691,+
WBGene00014025,III,8895082,8896654,+
WBGene00002998,III,8900237,8904160,-
WBGene00006768,III,8905615,8911749,+
WBGene00014027,III,8912144,8913632,+
WBGene00014028,III,8913769,8916450,+
WBGene00000388,III,8916351,8917929,-
WBGene00014032,III,8920110,8921159,+
WBGene00014029,III,8922292,8925302,+
WBGene00014030,III,8922395,8923290,-
WBGene00014038,III,8925607,8926529,-
WBGene00014033,III,8930036,8936682,+
WBGene00014035,III,8944686,8952953,+
WBGene00014036,III,8952886,8956216,-
WBGene00014034,III,8956459,8957731,+
WBGene00014037,III,8957704,8960693,-
WBGene00001734,III,8962295,8965638,+
WBGene00011142,III,8966022,8967727,-
WBGene00011143,III,8967917,8969658,+
WBGene00001227,III,8969638,8971578,-
WBGene00011144,III,8971892,8973672,+
WBGene00011145,III,8974126,8975061,+
WBGene00011146,III,8975070,8981897,-
WBGene00011147,III,8992205,8994827,+
WBGene00010307,III,8994645,8996786,-
WBGene00010308,III,8996418,8999785,-
WBGene00010309,III,8999828,9001973,-
WBGene00185006,III,9002054,9002636,-
WBGene00006977,III,9002779,9004839,+
WBGene00004269,III,9004821,9005955,-
WBGene00010310,III,9007974,9010121,-
WBGene00010311,III,9010676,9012409,-
WBGene00010314,III,9017607,9020960,+
WBGene00050931,III,9021370,9022635,-
WBGene00010315,III,9023964,9027044,-
WBGene00194871,III,9037958,9038566,+
WBGene00003518,III,9038779,9043300,-
WBGene00011298,III,9043886,9045938,-
WBGene00011299,III,9046055,9050693,-
WBGene00011300,III,9051592,9053793,-
WBGene00000549,III,9055052,9058882,+
WBGene00001749,III,9059314,9060181,+
WBGene00003001,III,9060096,9071760,-
WBGene00044406,III,9074872,9075639,-
WBGene00008513,III,9075726,9077804,-
WBGene00001385,III,9080371,9081179,-
WBGene00001386,III,9081679,9082511,+
WBGene00008514,III,9084306,9089386,-
WBGene00001609,III,9092241,9099698,+
WBGene00013978,III,9099681,9101258,-
WBGene00013979,III,9101367,9103095,+
WBGene00013980,III,9103943,9106805,+
WBGene00000863,III,9106702,9109272,-
WBGene00013982,III,9115082,9117270,+
WBGene00001720,III,9117349,9118364,-
WBGene00000425,III,9119559,9125153,+
WBGene00013985,III,9125641,9130807,+
WBGene00013988,III,9130844,9131360,+
WBGene00001135,III,9136916,9141822,+
WBGene00013986,III,9138052,9138701,-
WBGene00013983,III,9141789,9144794,-
WBGene00013989,III,9144214,9144682,+
WBGene00013984,III,9145325,9145976,+
WBGene00013987,III,9146031,9147411,+
WBGene00003597,III,9147395,9153909,-
WBGene00010074,III,9155116,9157165,+
WBGene00004223,III,9157243,9161653,-
WBGene00000960,III,9163077,9168027,+
WBGene00002081,III,9168040,9172802,-
WBGene00006526,III,9181550,9185649,+
WBGene00013850,III,9186077,9192951,+
WBGene00013847,III,9186556,9191127,-
WBGene00013849,III,9192983,9199507,-
WBGene00013846,III,9199450,9206285,-
WBGene00013848,III,9208288,9215440,-
WBGene00004391,III,9225374,9228786,-
WBGene00011963,III,9229235,9231210,-
WBGene00011962,III,9231421,9236322,-
WBGene00011964,III,9240337,9242514,+
WBGene00000934,III,9242914,9246802,+
WBGene00011365,III,9247422,9248618,+
WBGene00011366,III,9251029,9253126,+
WBGene00010795,III,9257259,9260222,+
WBGene00010796,III,9260191,9269062,-
WBGene00010453,III,9281785,9296668,+
WBGene00010455,III,9296627,9297394,-
WBGene00010454,III,9300219,9303928,+
WBGene00005936,III,9304034,9306696,-
WBGene00008043,III,9314714,9317365,+
WBGene00008038,III,9318044,9319271,+
WBGene00008044,III,9320040,9321663,+
WBGene00000770,III,9322316,9324733,+
WBGene00008042,III,9325048,9327031,+
WBGene00008039,III,9327307,9329366,-
WBGene00008040,III,9330316,9330928,+
WBGene00008041,III,9331514,9332284,+
WBGene00001242,III,9332269,9334274,-
WBGene00001263,III,9336881,9344447,-
WBGene00010573,III,9347714,9355480,-
WBGene00010574,III,9360269,9361333,+
WBGene00010575,III,9361528,9365380,+
WBGene00000799,III,9367238,9370385,+
WBGene00006576,III,9383796,9387605,+
WBGene00008001,III,9384172,9385643,-
WBGene00008000,III,9387601,9390107,-
WBGene00001689,III,9391270,9393164,-
WBGene00004343,III,9393981,9404532,+
WBGene00008002,III,9400645,9401136,-
WBGene00012059,III,9404484,9406641,-
WBGene00012060,III,9412854,9413440,-
WBGene00206422,III,9417974,9418269,-
WBGene00206421,III,9418785,9419080,+
WBGene00012061,III,9420531,9421574,+
WBGene00012062,III,9425536,9426674,-
WBGene00010036,III,9434057,9435100,+
WBGene00001284,III,9435083,9441539,-
WBGene00010035,III,9439699,9440929,+
WBGene00010037,III,9441557,9443634,-
WBGene00010039,III,9444360,9449931,-
WBGene00010040,III,9451595,9454062,-
WBGene00010038,III,9454163,9456030,-
WBGene00004980,III,9456563,9463004,+
WBGene00007186,III,9462989,9465965,-
WBGene00007188,III,9465767,9467177,+
WBGene00000235,III,9467464,9468058,+
WBGene00007187,III,9468157,9469899,+
WBGene00000268,III,9469920,9485451,-
WBGene00007185,III,9488731,9489188,+
WBGene00001094,III,9489176,9491236,-
WBGene00007184,III,9491640,9497044,+
WBGene00004933,III,9497019,9500202,-
WBGene00010130,III,9508074,9509806,+
WBGene00010131,III,9511470,9513375,+
WBGene00010132,III,9513348,9516248,-
WBGene00219298,III,9513891,9514549,+
WBGene00000550,III,9516631,9521460,-
WBGene00014218,III,9522075,9525437,+
WBGene00014224,III,9523113,9523708,-
WBGene00014222,III,9525552,9527068,+
WBGene00014223,III,9527151,9528689,+
WBGene00014219,III,9529166,9531888,+
WBGene00014220,III,9532427,9538700,-
WBGene00003504,III,9539031,9542380,-
WBGene00014221,III,9543069,9544404,+
WBGene00014225,III,9544451,9545078,+
WBGene00194691,III,9545120,9545897,+
WBGene00006755,III,9546258,9556514,+
WBGene00014226,III,9556507,9557454,+
WBGene00008169,III,9557448,9558563,-
WBGene00008170,III,9558669,9559427,-
WBGene00008171,III,9559831,9561258,-
WBGene00008172,III,9562336,9563335,-
WBGene00008173,III,9563437,9564510,-
WBGene00008174,III,9564605,9566115,-
WBGene00008176,III,9568751,9570460,+
WBGene00000421,III,9570394,9580081,-
WBGene00008168,III,9581220,9582361,-
WBGene00008167,III,9586617,9592192,-
WBGene00004401,III,9592282,9595667,-
WBGene00008175,III,9597359,9598361,+
WBGene00010226,III,9598475,9600049,+
WBGene00010227,III,9600038,9600745,-
WBGene00010228,III,9603030,9608688,-
WBGene00043992,III,9609568,9612191,-
WBGene00004180,III,9612254,9614281,-
WBGene00010229,III,9614425,9615332,+
WBGene00001831,III,9615306,9616470,-
WBGene00001955,III,9619711,9626537,+
WBGene00006540,III,9626532,9629154,-
WBGene00010230,III,9629246,9629917,-
WBGene00006704,III,9630085,9631167,-
WBGene00001570,III,9631994,9637116,-
WBGene00007610,III,9650422,9651971,-
WBGene00007611,III,9654409,9655859,-
WBGene00007405,III,9663290,9667640,-
WBGene00007402,III,9676320,9679051,-
WBGene00044227,III,9679698,9681269,-
WBGene00007401,III,9681524,9682829,-
WBGene00007406,III,9685170,9686726,-
WBGene00007404,III,9686990,9690253,-
WBGene00007403,III,9691030,9694572,-
WBGene00007400,III,9694668,9696517,-
WBGene00006579,III,9699876,9710268,+
WBGene00003571,III,9710312,9713928,-
WBGene00003572,III,9715883,9720291,-
WBGene00007399,III,9723282,9725214,-
WBGene00043994,III,9725285,9727539,-
WBGene00000932,III,9735265,9736057,-
WBGene00004097,III,9736030,9736869,-
WBGene00001951,III,9737469,9738839,-
WBGene00011498,III,9739094,9743339,-
WBGene00002064,III,9745864,9747193,-
WBGene00000405,III,9747432,9748852,+
WBGene00011499,III,9748863,9749673,+
WBGene00011500,III,9749584,9751432,-
WBGene00001155,III,9751440,9752922,-
WBGene00011502,III,9753672,9757514,-
WBGene00011503,III,9757616,9762143,-
WBGene00011501,III,9758927,9760389,+
WBGene00000366,III,9766516,9774825,+
WBGene00011216,III,9776532,9778850,+
WBGene00005021,III,9778782,9780350,-
WBGene00006910,III,9781243,9782057,+
WBGene00006911,III,9782164,9783212,+
WBGene00011218,III,9783325,9786038,+
WBGene00011217,III,9785957,9789657,-
WBGene00011220,III,9792548,9793642,-
WBGene00003158,III,9794367,9798643,+
WBGene00011219,III,9795271,9796548,-
WBGene00014011,III,9799107,9802333,+
WBGene00014012,III,9802354,9805093,-
WBGene00014013,III,9805515,9807454,-
WBGene00014014,III,9808544,9812639,+
WBGene00014020,III,9813446,9814424,+
WBGene00000567,III,9814364,9817137,-
WBGene00014015,III,9819294,9823120,+
WBGene00000189,III,9823242,9824132,+
WBGene00003035,III,9824081,9824750,-
WBGene00014016,III,9824877,9825445,-
WBGene00014017,III,9826130,9827178,-
WBGene00014018,III,9827915,9829719,+
WBGene00014019,III,9830792,9832430,+
WBGene00010781,III,9832953,9834473,+
WBGene00185002,III,9835192,9838311,+
WBGene00010782,III,9843782,9845733,+
WBGene00010779,III,9846393,9847521,+
WBGene00010783,III,9847626,9848116,-
WBGene00010780,III,9851854,9854102,+
WBGene00010778,III,9854077,9859183,-
WBGene00010784,III,9860730,9863302,+
WBGene00014075,III,9863251,9867786,-
WBGene00014073,III,9868594,9871124,-
WBGene00014074,III,9874142,9877476,-
WBGene00206488,III,9877251,9881044,+
WBGene00006449,III,9887210,9891458,-
WBGene00009593,III,9893155,9898426,+
WBGene00009594,III,9898602,9910658,-
WBGene00043995,III,9913021,9914075,+
WBGene00009595,III,9914261,9915883,+
WBGene00009592,III,9918645,9920864,-
WBGene00010545,III,9923174,9925443,+
WBGene00010538,III,9925630,9926740,-
WBGene00010539,III,9927732,9929004,+
WBGene00010541,III,9929058,9930413,+
WBGene00010540,III,9932398,9939712,+
WBGene00010544,III,9940771,9941464,-
WBGene00010547,III,9941624,9942345,+
WBGene00001603,III,9943243,9944823,-
WBGene00010542,III,9947405,9948172,+
WBGene00044903,III,9947788,9950344,-
WBGene00010546,III,9950381,9951964,-
WBGene00003389,III,9952056,9956271,-
WBGene00007010,III,9957357,9963171,+
WBGene00011221,III,9963121,9973865,-
WBGene00194886,III,9987367,9987728,+
WBGene00007319,III,9987768,9988421,-
WBGene00007321,III,9993885,9996235,+
WBGene00004100,III,9996205,9997955,-
WBGene00219314,III,9998542,9999335,-
WBGene00007320,III,9999819,10000528,-
WBGene00007322,III,10001400,10003856,+
WBGene00045242,III,10004513,10004965,+
WBGene00007324,III,10005459,10006784,-
WBGene00007323,III,10007966,10010177,-
WBGene00219280,III,10012436,10013205,+
WBGene00004344,III,10014188,10016558,-
WBGene00002104,III,10023804,10024120,+
WBGene00002105,III,10026289,10026673,+
WBGene00002106,III,10028247,10028600,+
WBGene00010862,III,10029991,10030600,-
WBGene00010863,III,10032344,10033313,-
WBGene00010866,III,10034181,10035102,+
WBGene00010864,III,10036004,10036796,+
WBGene00010865,III,10037450,10038247,+
WBGene00011808,III,10038458,10040113,-
WBGene00011803,III,10040191,10049857,-
WBGene00011804,III,10052051,10054302,+
WBGene00044222,III,10055604,10056133,-
WBGene00011805,III,10057822,10058684,+
WBGene00011809,III,10059302,10061982,+
WBGene00269433,III,10063296,10063871,+
WBGene00011806,III,10064337,10069201,+
WBGene00011807,III,10069564,10075995,+
WBGene00011810,III,10076387,10078707,-
WBGene00011813,III,10081443,10083286,-
WBGene00011811,III,10083462,10085328,+
WBGene00194725,III,10085403,10086064,+
WBGene00011812,III,10086303,10087171,+
WBGene00011819,III,10087223,10088673,-
WBGene00011814,III,10088757,10090800,-
WBGene00011815,III,10090862,10098081,-
WBGene00002186,III,10098469,10101608,-
WBGene00011816,III,10104841,10106490,-
WBGene00011817,III,10109423,10112108,+
WBGene00014234,III,10112100,10113046,-
WBGene00014227,III,10113146,10114826,-
WBGene00014228,III,10115042,10116760,+
WBGene00014229,III,10116967,10118918,-
WBGene00014230,III,10118961,10120148,-
WBGene00044072,III,10120781,10122928,+
WBGene00014232,III,10124183,10132411,+
WBGene00014233,III,10136982,10139241,+
WBGene00195174,III,10141032,10141428,+
WBGene00014801,III,10141573,10146801,-
WBGene00003519,III,10152795,10157923,+
WBGene00077703,III,10159027,10160482,-
WBGene00003482,III,10160697,10183529,+
WBGene00006783,III,10183794,10186390,-
WBGene00004255,III,10189218,10195399,+
WBGene00011869,III,10197716,10198352,+
WBGene00011870,III,10199337,10199859,+
WBGene00011874,III,10199894,10201326,-
WBGene00011873,III,10201623,10202528,+
WBGene00011867,III,10203821,10209704,+
WBGene00011871,III,10209840,10211093,+
WBGene00011872,III,10211041,10211946,-
WBGene00011868,III,10212396,10214825,+
WBGene00000833,III,10214814,10216635,-
WBGene00004326,III,10217302,10218646,-
WBGene00011875,III,10218943,10222935,+
WBGene00013498,III,10228164,10234079,-
WBGene00013499,III,10238672,10244810,+
WBGene00001002,III,10245056,10248905,-
WBGene00000768,III,10249111,10254709,+
WBGene00010972,III,10254800,10257221,+
WBGene00010973,III,10257181,10258736,-
WBGene00010974,III,10258856,10261679,-
WBGene00010975,III,10261799,10267381,-
WBGene00000564,III,10271257,10278579,+
WBGene00010757,III,10279127,10281476,+
WBGene00010756,III,10285923,10288621,+
WBGene00010755,III,10295137,10298687,+
WBGene00011557,III,10299164,10299949,-
WBGene00011556,III,10300293,10303423,+
WBGene00011554,III,10303368,10306188,-
WBGene00045475,III,10306756,10311100,-
WBGene00006785,III,10314490,10318162,-
WBGene00011558,III,10318296,10318563,-
WBGene00006802,III,10318939,10320021,+
WBGene00011562,III,10321019,10325675,+
WBGene00003589,III,10325613,10330422,-
WBGene00044891,III,10331551,10332480,-
WBGene00011563,III,10332526,10334083,-
WBGene00003225,III,10334267,10335171,+
WBGene00000423,III,10335172,10337536,+
WBGene00011561,III,10337840,10339440,+
WBGene00006546,III,10339984,10341858,-
WBGene00006545,III,10347575,10349740,+
WBGene00011560,III,10352157,10355117,+
WBGene00004986,III,10355122,10355982,-
WBGene00011559,III,10355799,10357761,-
WBGene00008018,III,10364951,10373231,+
WBGene00008019,III,10381740,10385335,+
WBGene00008020,III,10385313,10386572,-
WBGene00194868,III,10388632,10391728,-
WBGene00010838,III,10393389,10396081,-
WBGene00010839,III,10399174,10405240,-
WBGene00010840,III,10405070,10415150,+
WBGene00044069,III,10405248,10407248,-
WBGene00010842,III,10416069,10421785,+
WBGene00010843,III,10421781,10424006,-
WBGene00010844,III,10424112,10427982,-
WBGene00010845,III,10428334,10435988,-
WBGene00010362,III,10436609,10438089,+
WBGene00194861,III,10438078,10438898,-
WBGene00010363,III,10439339,10442405,-
WBGene00010364,III,10443090,10445136,+
WBGene00010365,III,10445805,10451112,-
WBGene00008422,III,10452719,10460551,-
WBGene00000231,III,10461389,10468051,+
WBGene00008423,III,10468107,10469503,-
WBGene00000836,III,10471237,10475245,+
WBGene00008426,III,10475245,10479758,+
WBGene00008424,III,10479807,10482285,+
WBGene00008425,III,10482288,10483926,+
WBGene00009653,III,10488128,10500267,+
WBGene00004283,III,10500284,10503853,-
WBGene00006395,III,10503965,10505250,-
WBGene00185048,III,10505480,10505899,+
WBGene00004798,III,10506106,10506801,-
WBGene00009654,III,10507058,10518391,+
WBGene00006784,III,10520676,10532705,+
WBGene00001993,III,10535526,10537682,+
WBGene00011899,III,10538081,10539163,-
WBGene00043998,III,10551102,10552955,-
WBGene00011900,III,10553005,10558009,-
WBGene00012859,III,10558189,10561948,-
WBGene00004282,III,10563026,10565603,+
WBGene00012860,III,10566181,10571606,+
WBGene00012861,III,10572475,10575420,-
WBGene00012862,III,10585848,10586343,-
WBGene00012863,III,10589865,10592801,-
WBGene00012864,III,10592754,10595166,-
WBGene00012643,III,10595258,10596487,-
WBGene00012641,III,10596615,10600184,-
WBGene00012642,III,10601905,10603566,-
WBGene00012644,III,10605349,10613294,+
WBGene00012660,III,10613567,10614931,+
WBGene00012645,III,10615466,10617862,+
WBGene00012646,III,10617863,10621369,-
WBGene00001997,III,10621541,10626398,+
WBGene00012647,III,10625934,10629143,-
WBGene00012648,III,10630070,10633501,-
WBGene00012649,III,10632728,10633084,+
WBGene00194731,III,10638971,10639701,+
WBGene00000974,III,10640828,10642872,-
WBGene00012650,III,10643002,10646107,+
WBGene00012651,III,10646170,10648861,+
WBGene00012652,III,10649519,10650908,+
WBGene00000566,III,10655018,10677521,+
WBGene00012654,III,10679474,10682212,+
WBGene00012655,III,10687127,10691101,-
WBGene00012656,III,10692221,10694391,-
WBGene00001478,III,10694590,10698861,+
WBGene00012657,III,10699216,10700560,-
WBGene00012658,III,10700652,10707024,-
WBGene00012659,III,10703329,10707024,-
WBGene00012361,III,10707761,10708518,+
WBGene00012363,III,10708484,10711527,-
WBGene00012362,III,10711724,10716191,-
WBGene00012360,III,10722148,10730705,-
WBGene00012359,III,10736893,10739824,-
WBGene00010479,III,10740280,10740772,-
WBGene00006536,III,10740868,10742461,-
WBGene00004361,III,10742777,10746675,+
WBGene00004302,III,10746581,10747728,-
WBGene00010478,III,10748429,10750080,+
WBGene00010477,III,10750466,10751930,+
WBGene00001996,III,10752254,10755523,-
WBGene00010476,III,10755624,10757640,-
WBGene00010481,III,10757641,10758522,-
WBGene00010480,III,10759290,10763006,+
WBGene00001087,III,10763131,10777343,+
WBGene00004233,III,10781853,10791252,+
WBGene00012661,III,10794349,10796369,+
WBGene00010772,III,10796711,10802212,-
WBGene00002219,III,10805930,10810999,+
WBGene00004736,III,10811906,10816844,-
WBGene00011269,III,10832936,10839451,+
WBGene00011268,III,10840023,10845020,-
WBGene00011267,III,10847619,10848670,-
WBGene00012663,III,10849222,10854561,+
WBGene00012662,III,10856776,10858186,+
WBGene00003898,III,10858284,10866994,+
WBGene00000475,III,10866870,10868727,-
WBGene00008078,III,10869193,10874528,+
WBGene00008079,III,10875459,10878061,+
WBGene00008080,III,10878191,10880183,-
WBGene00008081,III,10882345,10893672,+
WBGene00043996,III,10894520,10895732,+
WBGene00008082,III,10896363,10901836,+
WBGene00006843,III,10902648,10908927,+
WBGene00000853,III,10911460,10916567,+
WBGene00006873,III,10920336,10926041,+
WBGene00010922,III,10931208,10932226,+
WBGene00043057,III,10933631,10936129,+
WBGene00010923,III,10936246,10946834,+
WBGene00013132,III,10947446,10951169,+
WBGene00006982,III,10951225,10953505,-
WBGene00012271,III,10960243,10966996,-
WBGene00012272,III,10969944,10991912,+
WBGene00000667,III,10982166,10983253,-
WBGene00000668,III,10984555,10985609,-
WBGene00000669,III,10986826,10987873,-
WBGene00012962,III,10992129,10995237,-
WBGene00012965,III,11007415,11007620,-
WBGene00012964,III,11008222,11008934,+
WBGene00012966,III,11009043,11010595,+
WBGene00012967,III,11012566,11025292,+
WBGene00012968,III,11025234,11026566,-
WBGene00012969,III,11027250,11029437,-
WBGene00194684,III,11031609,11032963,+
WBGene00012970,III,11033172,11036080,+
WBGene00012973,III,11036943,11063027,+
WBGene00012972,III,11063479,11068753,+
WBGene00012356,III,11068858,11072981,+
WBGene00006287,III,11074536,11077494,+
WBGene00006273,III,11077704,11079446,+
WBGene00012357,III,11079745,11080413,+
WBGene00012358,III,11088487,11091616,+
WBGene00001815,III,11091548,11099964,-
WBGene00164986,III,11108314,11110462,+
WBGene00012976,III,11116994,11119222,-
WBGene00012977,III,11119803,11126890,+
WBGene00219394,III,11126898,11127628,-
WBGene00004010,III,11131775,11136380,+
WBGene00012923,III,11136802,11138905,-
WBGene00012922,III,11139241,11141825,-
WBGene00012936,III,11142448,11154287,+
WBGene00000519,III,11154827,11168820,+
WBGene00012937,III,11156511,11157244,-
WBGene00006604,III,11170889,11195207,-
WBGene00006553,III,11216398,11218260,-
WBGene00012925,III,11218797,11222666,+
WBGene00012926,III,11223439,11224106,-
WBGene00006556,III,11224800,11227125,-
WBGene00001246,III,11230378,11232164,-
WBGene00206461,III,11232421,11234861,-
WBGene00012927,III,11235581,11236868,-
WBGene00012928,III,11237149,11238252,+
WBGene00012929,III,11245120,11252281,+
WBGene00012938,III,11252391,11256646,+
WBGene00012930,III,11257307,11270875,-
WBGene00012931,III,11274901,11276032,+
WBGene00012932,III,11276292,11278917,-
WBGene00012934,III,11279021,11290580,-
WBGene00012933,III,11286335,11290748,-
WBGene00004873,III,11290911,11306145,+
WBGene00004284,III,11306560,11311566,-
WBGene00006563,III,11312251,11317055,-
WBGene00012935,III,11317570,11326664,+
WBGene00012126,III,11326654,11343108,-
WBGene00012125,III,11334611,11342237,+
WBGene00003975,III,11343272,11344147,+
WBGene00012127,III,11344255,11346789,-
WBGene00012124,III,11360456,11366214,+
WBGene00012123,III,11366618,11368435,+
WBGene00006533,III,11368415,11371775,-
WBGene00001077,III,11372886,11377980,-
WBGene00012939,III,11382222,11388669,+
WBGene00003759,III,11388606,11393261,-
WBGene00012940,III,11397813,11401886,+
WBGene00185055,III,11403017,11404197,+
WBGene00012941,III,11405361,11409425,+
WBGene00006683,III,11410712,11424655,+
WBGene00012942,III,11427135,11428414,+
WBGene00004735,III,11428367,11442566,-
WBGene00023404,III,11456877,11462897,+
WBGene00012943,III,11463665,11470805,-
WBGene00013421,III,11482603,11484244,-
WBGene00013422,III,11485474,11487345,-
WBGene00013447,III,11488355,11500747,-
WBGene00013448,III,11496829,11500717,+
WBGene00006573,III,11500867,11502852,-
WBGene00013446,III,11502963,11505291,-
WBGene00004960,III,11505535,11508919,+
WBGene00013445,III,11509081,11511467,+
WBGene00013443,III,11512860,11523759,-
WBGene00013442,III,11524322,11526564,+
WBGene00013441,III,11526372,11534595,+
WBGene00013440,III,11534674,11546669,+
WBGene00013439,III,11548377,11552398,+
WBGene00013438,III,11561152,11562655,+
WBGene00013437,III,11563467,11565536,+
WBGene00013436,III,11565833,11568007,+
WBGene00013435,III,11568137,11573343,+
WBGene00013434,III,11574221,11578752,+
WBGene00013433,III,11579265,11580478,-
WBGene00013432,III,11580694,11581402,-
WBGene00013431,III,11581600,11589133,+
WBGene00013429,III,11589211,11592837,+
WBGene00013427,III,11608170,11609082,+
WBGene00219421,III,11609868,11611126,+
WBGene00194864,III,11611242,11612471,-
WBGene00013424,III,11612607,11615707,+
WBGene00013425,III,11616758,11623991,+
WBGene00001633,III,11624991,11628238,+
WBGene00013426,III,11628386,11631014,-
WBGene00006552,III,11633216,11636840,-
WBGene00012760,III,11641461,11641861,+
WBGene00012750,III,11650471,11656185,+
WBGene00000793,III,11657738,11693837,+
WBGene00194866,III,11695342,11696446,+
WBGene00012753,III,11696599,11698306,+
WBGene00012754,III,11698869,11700087,+
WBGene00004165,III,11700285,11702856,+
WBGene00000670,III,11703885,11705091,+
WBGene00000671,III,11705713,11706644,-
WBGene00012755,III,11706969,11708820,-
WBGene00012756,III,11710827,11718741,-
WBGene00001235,III,11718834,11719450,-
WBGene00012757,III,11719834,11721077,+
WBGene00270321,III,11721706,11723602,+
WBGene00012758,III,11724038,11726690,-
WBGene00012761,III,11730612,11731305,+
WBGene00194733,III,11732442,11732773,+
WBGene00012759,III,11733346,11737627,-
WBGene00003417,III,11747042,11750160,+
WBGene00007703,III,11751320,11773681,-
WBGene00007021,III,11774950,11776675,+
WBGene00007704,III,11777625,11779629,+
WBGene00007702,III,11780235,11781035,+
WBGene00007701,III,11782112,11784074,+
WBGene00006557,III,11784147,11786052,-
WBGene00007699,III,11787690,11789496,+
WBGene00007700,III,11790497,11792295,-
WBGene00006690,III,11795748,11803243,+
WBGene00044232,III,11804547,11806795,-
WBGene00194727,III,11807784,11808464,+
WBGene00045211,III,11809118,11809561,+
WBGene00007682,III,11810556,11811046,+
WBGene00007679,III,11816569,11819806,+
WBGene00007680,III,11819745,11822526,-
WBGene00007681,III,11823327,11824975,+
WBGene00004705,III,11826215,11830996,+
WBGene00003826,III,11831008,11846465,-
WBGene00003234,III,11848152,11849522,+
WBGene00013225,III,11849951,11862249,-
WBGene00006396,III,11862393,11869281,-
WBGene00013227,III,11871252,11878889,-
WBGene00013230,III,11882594,11883562,-
WBGene00013226,III,11886485,11891435,-
WBGene00269438,III,11892172,11893022,-
WBGene00013231,III,11894784,11898269,-
WBGene00013232,III,11899337,11907387,-
WBGene00013233,III,11907477,11908474,+
WBGene00013234,III,11908968,11909889,+
WBGene00013235,III,11911001,11914317,-
WBGene00013237,III,11915151,11915712,-
WBGene00003802,III,11915891,11917876,+
WBGene00013236,III,11917836,11918719,-
WBGene00000369,III,11918828,11920237,-
WBGene00013238,III,11920716,11921590,+
WBGene00013239,III,11921692,11923825,+
WBGene00003594,III,11923886,11929376,+
WBGene00044233,III,11929889,11933639,-
WBGene00013228,III,11934002,11947017,-
WBGene00006596,III,11949918,11960180,-
WBGene00013240,III,11961470,11971367,-
WBGene00013241,III,11971461,11974092,-
WBGene00013242,III,11974077,11979065,-
WBGene00013243,III,11974477,11989885,+
WBGene00006937,III,11990167,11999552,+
WBGene00013244,III,11999497,12002950,-
WBGene00000273,III,12020552,12025325,+
WBGene00043997,III,12025559,12028811,-
WBGene00013579,III,12028969,12030769,-
WBGene00013580,III,12031516,12052303,-
WBGene00013581,III,12041299,12042091,+
WBGene00000201,III,12052424,12058458,-
WBGene00006993,III,12058844,12072293,+
WBGene00004024,III,12074290,12077556,-
WBGene00003779,III,12077747,12084316,-
WBGene00013540,III,12101810,12106597,-
WBGene00013541,III,12107774,12113471,+
WBGene00013542,III,12114577,12118470,-
WBGene00013543,III,12123881,12130352,-
WBGene00013544,III,12152899,12160100,+
WBGene00013545,III,12160758,12171356,+
WBGene00001636,III,12171353,12177245,-
WBGene00013547,III,12180960,12183013,-
WBGene00013548,III,12186411,12190116,+
WBGene00003892,III,12191056,12202450,-
WBGene00194855,III,12194490,12196993,+
WBGene00013549,III,12203822,12215686,-
WBGene00013550,III,12216779,12218634,-
WBGene00013551,III,12218990,12223934,+
WBGene00013552,III,12224487,12225331,-
WBGene00013553,III,12225638,12226267,-
WBGene00013554,III,12226632,12232241,+
WBGene00001724,III,12232632,12235711,-
WBGene00013555,III,12236184,12238951,+
WBGene00006571,III,12240367,12250164,-
WBGene00013556,III,12250602,12251009,+
WBGene00013557,III,12251492,12273692,-
WBGene00013558,III,12274040,12282221,+
WBGene00003414,III,12283208,12303216,-
WBGene00004172,III,12307771,12311924,+
WBGene00023483,III,12313287,12314403,+
WBGene00013565,III,12315479,12315857,+
WBGene00013559,III,12319108,12323771,+
WBGene00013560,III,12327667,12332274,+
WBGene00006986,III,12333745,12345347,+
WBGene00004085,III,12345323,12351336,-
WBGene00013561,III,12351642,12354925,+
WBGene00013562,III,12354944,12358561,-
WBGene00013564,III,12359565,12361248,+
WBGene00013563,III,12361859,12367373,-
WBGene00001946,III,12367474,12369050,-
WBGene00004506,III,12370456,12372625,+
WBGene00013029,III,12372583,12373857,-
WBGene00004086,III,12374126,12377248,-
WBGene00013030,III,12378724,12380647,-
WBGene00194981,III,12386897,12387721,+
WBGene00013033,III,12395465,12398983,+
WBGene00013034,III,12398901,12421570,-
WBGene00004027,III,12426862,12429195,+
WBGene00004919,III,12429172,12429630,-
WBGene00013035,III,12430430,12433892,+
WBGene00013045,III,12434411,12435223,+
WBGene00013036,III,12436552,12441056,+
WBGene00013037,III,12442630,12446145,-
WBGene00013038,III,12446353,12453202,-
WBGene00013039,III,12453588,12456850,-
WBGene00013040,III,12457599,12465821,+
WBGene00013041,III,12466610,12468277,+
WBGene00045239,III,12469169,12472541,+
WBGene00013042,III,12472868,12484651,+
WBGene00013043,III,12484732,12488339,+
WBGene00013044,III,12488679,12492084,-
WBGene00013727,III,12492793,12495640,-
WBGene00013728,III,12496086,12496449,+
WBGene00013729,III,12496538,12499352,+
WBGene00013730,III,12499557,12527924,+
WBGene00013744,III,12530374,12532291,-
WBGene00013732,III,12538664,12575401,-
WBGene00013734,III,12595994,12598604,-
WBGene00007030,III,12599304,12608604,-
WBGene00013735,III,12609289,12623740,+
WBGene00013736,III,12624766,12625890,+
WBGene00004161,III,12626568,12651757,+
WBGene00013737,III,12652344,12662286,-
WBGene00006389,III,12671307,12673421,-
WBGene00013738,III,12673633,12686230,+
WBGene00004700,III,12686243,12687916,-
WBGene00013739,III,12688318,12697546,+
WBGene00013742,III,12699494,12710888,+
WBGene00013740,III,12711506,12713874,+
WBGene00007027,III,12714566,12743929,+
WBGene00013741,III,12746450,12747621,+
WBGene00013911,III,12747899,12750927,-
WBGene00013915,III,12751109,12753634,+
WBGene00005757,III,12755348,12756613,+
WBGene00005756,III,12757667,12759619,+
WBGene00013912,III,12760684,12764341,-
WBGene00013913,III,12764553,12769048,+
WBGene00001512,III,12771878,12779726,-
WBGene00013914,III,12785154,12793128,+
WBGene00007209,III,12787643,12789520,-
WBGene00007210,III,12793386,12798157,-
WBGene00044127,III,12806175,12806855,-
WBGene00007211,III,12808026,12811650,+
WBGene00007212,III,12813541,12816798,+
WBGene00000203,III,12816789,12818100,-
WBGene00012560,III,12818658,12820252,-
WBGene00012544,III,12820141,12825651,+
WBGene00012545,III,12829368,12837274,+
WBGene00012546,III,12837189,12838959,-
WBGene00012547,III,12854051,12855315,-
WBGene00012561,III,12855844,12856728,-
WBGene00012548,III,12856833,12857911,-
WBGene00012549,III,12864948,12867591,+
WBGene00003406,III,12871195,12874654,-
WBGene00012550,III,12875007,12875831,+
WBGene00012551,III,12875771,12877577,-
WBGene00012552,III,12878515,12880699,+
WBGene00006804,III,12881037,12891738,-
WBGene00012553,III,12905491,12906619,+
WBGene00001457,III,12910510,12914930,+
WBGene00012554,III,12915118,12918675,-
WBGene00012555,III,12921282,12925997,-
WBGene00012556,III,12926557,12927886,+
WBGene00012558,III,12928370,12931867,-
WBGene00012557,III,12929873,12931435,+
WBGene00012559,III,12934717,12941069,+
WBGene00006762,III,12942617,12949899,+
WBGene00012711,III,12951429,12952342,+
WBGene00012712,III,12952969,12966995,-
WBGene00012713,III,12967898,12972498,-
WBGene00014176,III,12975068,12977862,-
WBGene00006728,III,12977910,12978523,-
WBGene00014177,III,12979162,12980163,+
WBGene00014178,III,12981070,12984423,+
WBGene00014179,III,12984493,12987542,-
WBGene00271703,III,12991297,12992492,+
WBGene00000672,III,12992405,12993707,-
WBGene00014181,III,12995738,13000670,-
WBGene00164985,III,13002383,13005311,+
WBGene00004906,III,13005461,13011130,+
WBGene00000673,III,13018935,13020226,+
WBGene00008809,III,13021009,13023949,+
WBGene00008810,III,13024547,13028012,+
WBGene00008811,III,13028393,13029708,-
WBGene00206390,III,13030920,13031858,+
WBGene00008812,III,13032001,13036344,+
WBGene00010073,III,13040100,13049434,+
WBGene00010072,III,13049588,13055485,-
WBGene00012717,III,13070756,13074697,+
WBGene00004164,III,13087479,13099455,-
WBGene00012721,III,13091112,13093659,+
WBGene00012718,III,13107607,13119042,+
WBGene00006985,III,13119820,13133938,+
WBGene00000267,III,13134014,13139614,-
WBGene00012719,III,13143373,13152858,-
WBGene00012714,III,13153817,13160284,+
WBGene00012715,III,13165659,13169520,-
WBGene00012716,III,13169916,13173106,+
WBGene00001630,III,13187392,13204897,+
WBGene00012720,III,13204982,13207393,+
WBGene00006629,III,13212666,13214371,+
WBGene00012796,III,13223072,13229465,+
WBGene00012798,III,13240008,13240890,-
WBGene00012799,III,13245583,13245958,+
WBGene00010138,III,13246578,13253615,+
WBGene00185001,III,13254675,13256456,+
WBGene00010139,III,13256878,13262905,+
WBGene00010140,III,13263268,13265038,+
WBGene00010141,III,13265866,13266932,+
WBGene00000774,III,13266874,13268897,-
WBGene00006798,III,13277261,13283883,+
WBGene00012802,III,13283892,13293088,-
WBGene00010142,III,13285817,13286779,+
WBGene00003804,III,13296853,13299122,+
WBGene00012803,III,13299378,13302760,+
WBGene00002229,III,13302743,13307259,-
WBGene00012804,III,13307502,13313389,+
WBGene00012807,III,13314011,13314721,+
WBGene00012806,III,13315088,13318597,+
WBGene00194870,III,13319265,13321892,-
WBGene00009949,III,13322392,13324839,-
WBGene00009950,III,13334600,13336422,+
WBGene00009951,III,13336940,13339768,-
WBGene00003829,III,13341527,13342607,+
WBGene00001092,III,13342684,13343337,+
WBGene00002059,III,13343574,13344616,+
WBGene00009952,III,13344917,13346866,+
WBGene00003478,III,13347085,13355683,+
WBGene00009953,III,13356610,13359354,-
WBGene00044228,III,13365425,13367747,-
WBGene00045482,III,13368087,13371072,-
WBGene00003047,III,13371175,13376710,-
WBGene00185005,III,13377830,13378342,-
WBGene00011401,III,13378441,13380409,-
WBGene00011400,III,13386150,13388353,+
WBGene00011399,III,13389399,13390857,+
WBGene00001035,III,13390850,13393339,-
WBGene00011398,III,13393910,13394979,+
WBGene00008714,III,13395633,13400563,+
WBGene00044399,III,13397761,13398437,-
WBGene00008716,III,13400962,13401773,-
WBGene00008717,III,13402208,13403036,+
WBGene00003249,III,13403234,13404514,+
WBGene00008719,III,13404737,13405645,+
WBGene00003520,III,13405965,13409292,+
WBGene00009730,III,13409895,13423537,+
WBGene00009731,III,13423514,13426204,+
WBGene00009732,III,13426100,13427715,+
WBGene00000255,III,13427642,13429713,-
WBGene00006612,III,13430462,13433394,+
WBGene00009733,III,13433447,13434504,-
WBGene00009734,III,13434861,13435670,-
WBGene00009735,III,13435771,13436943,-
WBGene00009736,III,13437054,13439586,-
WBGene00000834,III,13439730,13455307,-
WBGene00012097,III,13457687,13462238,-
WBGene00006509,III,13459582,13460608,+
WBGene00012094,III,13462239,13462594,-
WBGene00006439,III,13463163,13464657,+
WBGene00000407,III,13464687,13466390,-
WBGene00002185,III,13464829,13471348,+
WBGene00012095,III,13471708,13475385,+
WBGene00012096,III,13475406,13476107,-
WBGene00012099,III,13480665,13484155,-
WBGene00006691,III,13486643,13492430,-
WBGene00012108,III,13493892,13495671,-
WBGene00012112,III,13499199,13501510,+
WBGene00012111,III,13501609,13502715,+
WBGene00194852,III,13502813,13503578,+
WBGene00012110,III,13503679,13505536,+
WBGene00012109,III,13506018,13508650,+
WBGene00003373,III,13509301,13514570,-
WBGene00004075,III,13514945,13524110,-
WBGene00013574,III,13527438,13539971,+
WBGene00013575,III,13540139,13543534,-
WBGene00013576,III,13545245,13546777,-
WBGene00013577,III,13546889,13549020,-
WBGene00013578,III,13550699,13555334,-
WBGene00011475,III,13561729,13563082,-
WBGene00011474,III,13563346,13564990,-
WBGene00011476,III,13566874,13570447,-
WBGene00003887,III,13576188,13580662,+
WBGene00011478,III,13580850,13583589,+
WBGene00000067,III,13604339,13606067,-
WBGene00012017,III,13608072,13614704,+
WBGene00011735,III,13614699,13622489,-
WBGene00011736,III,13617104,13621439,+
WBGene00011734,III,13623279,13624172,+
WBGene00006391,III,13624195,13626007,+
WBGene00011733,III,13625968,13626750,-
WBGene00011732,III,13626994,13630808,-
WBGene00011731,III,13639893,13641688,-
WBGene00023450,III,13641795,13642327,-
WBGene00011730,III,13642420,13643570,-
WBGene00011729,III,13643916,13656637,+
WBGene00001458,III,13663400,13667839,-
WBGene00000179,III,13673280,13674746,+
WBGene00001118,III,13674917,13686445,-
WBGene00004796,III,13679445,13682450,+
WBGene00000837,III,13687199,13692683,+
WBGene00000878,III,13692668,13693811,+
WBGene00003048,III,13701993,13724401,+
WBGene00012306,III,13726641,13731679,-
WBGene00012307,III,13735071,13736541,+
WBGene00010661,III,13744222,13747287,+
WBGene00010662,III,13747472,13748686,-
WBGene00023451,III,13752406,13755861,+
WBGene00010663,III,13755896,13759434,+
WBGene00010664,III,13759444,13762069,-
WBGene00010665,III,13764030,13768092,-
WBGene00000875,III,13768541,13771242,-
WBGene00003967,III,13771448,13773348,+
WBGene00007025,III,13773456,13778896,+
WBGene00007065,III,13780220,13781133,+
WBGene00010957,MtDNA,113,549,+
WBGene00010958,MtDNA,549,783,+
WBGene00010959,MtDNA,1763,2635,+
WBGene00010960,MtDNA,2634,3235,+
WBGene00010961,MtDNA,3389,4269,+
WBGene00000829,MtDNA,4504,5621,+
WBGene00010962,MtDNA,5678,6449,+
WBGene00010963,MtDNA,6506,7808,+
WBGene00010964,MtDNA,7827,9428,+
WBGene00010965,MtDNA,9649,10348,+
WBGene00010966,MtDNA,11356,11691,+
WBGene00010967,MtDNA,11691,13272,+
